606610243
438086873
559791718
478818148
986819219
875920992
939615417
136595110
438086873
594681045
809475159
191454809
659264567
907549921
171864072
183589099
416021319
765962120
68700886
988058546
520800975
657734046
911204743
618367490
408783217
989182032
6846283
672167099
717458678
69620367
276137779
599298443
716426214
701219850
624262881
777170074
684507728
800197567
280838052
919749637
446498778
68917243
252904593
740432361
434641184
3259339
17572896
588464436
247478663
740432361
832552081
126542324
879088423
923861972
514866601
210977537
778534400
240090462
169309013
147165042
338579883
193534254
94484870
110287241
565052121
778493168
690597023
17853346
960700088
974706935
35359236
101376054
293516304
64384000
105852549
869206914
494706867
59047458
33323443
865825107
318510323
970086607
304441826
809475159
239778353
144645478
850821637
512053343
120997248
853180933
717999434
797625303
945949990
227111552
742535126
54829799
612872373
670018367
101436317
252471374
964577832
408056084
687767068
271412503
201795479
723488735
569485155
41941995
122703899
823785235
389583453
646715491
589405682
144021660
653124568
487745312
289493531
535452861
712128331
582588976
280039794
890821003
632367636
901136748
985629805
187741986
28845079
94484870
464155415
889363718
984884714
557093267
607782811
12858492
615523125
47029773
554409945
612872373
205186673
23641201
557066453
644108883
550277486
475191198
226125270
252904593
45651626
180618940
545427899
618367490
472817993
861770042
101303700
116849946
25141346
729127665
919749637
642945510
89748373
794380470
541093821
435025782
462015637
446498778
69979073
509119078
247966121
298920888
470704414
885627952
655254025
919854381
675878276
939106453
75190050
145536966
697464831
400446385
598166761
456738607
285943882
533447193
297511067
114208514
450220568
186054649
254401067
700790813
88881594
782217139
68700886
672167099
494706867
252904593
674659296
738300303
674749138
43023806
821815669
749346764
234602932
268707044
745953373
456738607
227430158
844210580
910402515
433207072
93656731
632367636
337576503
771087167
645771229
990355186
694738798
24088573
580279536
542650121
578384724
318696259
495929278
369841058
711748167
21888427
773144953
839268557
816334033
733045483
806368066
771256596
214897243
349771866
112433216
732290391
186054649
596870177
940635129
35359236
599961455
495588986
962097708
110950187
683739396
169309013
208334346
861770042
239778353
335634387
106460790
515929448
737855176
613281668
969474054
907325850
847727886
801731918
36599583
248774662
7016093
538129466
259230965
971870843
335008021
536322852
68700886
734886734
875920992
17572896
91516845
960700088
89159568
831636839
33661026
589806848
338579883
583787226
798370832
771447929
828137517
429039335
623854658
110922298
330402707
975067090
541240301
662068074
21614527
414416229
119080934
408464447
684224861
726115474
962097708
131925610
206662369
178154278
512053343
776183624
33513968
773123364
949696069
522420133
683151080
525921886
506986628
240090462
377328407
709260164
392359727
778534400
840506041
658893339
458274443
962097708
493219722
286719707
95380215
201795479
92384616
541093821
412375583
377576525
737239561
280295037
882973964
713646110
853693767
305312489
800705075
877728665
20997302
29939354
174623533
853180933
29939354
228021285
555560592
452997190
810299858
446498778
737955685
174623533
86477014
536322852
780705262
781955045
350372969
116815765
495929278
707806073
46346187
421812662
268707044
473018328
193374954
441057560
470704414
470704414
309297142
438495943
59397839
557093267
259230965
983010749
844358186
72834383
82432001
777543322
762326765
766837869
138319388
857314008
885627952
767443147
793451328
742532452
527867973
928260764
304441826
33323443
466253246
33804906
145561045
919854381
821216825
642511889
381062573
86105860
110287241
684507728
221513738
703832983
259230965
792506369
161790571
121834862
495588986
179151417
414416229
820913199
99653198
95177475
524105295
73465599
928193994
761018343
905411910
608943904
350372969
910945550
737955685
140223112
792951105
63465245
91440652
591507979
227430158
935939413
572125326
771447929
469388855
916445528
107847801
916272945
430561372
195118825
297508797
760156036
94484870
63465245
100213003
562560365
860135077
43023806
493083911
95602205
632367636
509770546
721701744
86011402
482500252
487745312
52169114
369954215
254117062
937854472
853734842
335008021
134236434
821815669
272861598
733045483
72834383
95177475
985629805
161790571
667104287
569201406
247966121
890642904
464155415
24088573
281339522
198697657
520591358
274438842
297508797
412733037
381468052
249479553
393394617
878199021
29036179
756607551
923861972
100213003
516350222
862646012
554409945
96290839
393831478
612467690
427246125
189279986
52945960
896249180
893878081
242033893
398986948
420041775
461280699
411813920
653124568
958320638
832126722
174535928
292109231
717458678
55225396
690597023
399768767
20641847
965223510
409884494
472833233
415355978
633807204
780705262
82417967
778493168
569790187
469613611
970811002
123420428
655254025
439229101
2343429
451985726
935349871
429039335
986819219
989305986
602658089
729299222
17531737
363185266
19252071
471404576
990355186
209473903
797625303
509112312
36599583
290417668
562592163
806368066
364807458
299050014
123863805
515929448
312604638
621835339
133960191
697055853
874649338
501880959
201324238
992193632
354417882
698751768
569530020
990569005
777489406
650366414
784290301
654140730
680961209
16074610
52945960
515929448
469430135
617362086
911840814
82417967
96816055
954496026
33661026
145684145
271602435
642945510
683151080
475191198
469655452
281614044
589405682
828618233
48108494
280039794
652810461
559791718
436100842
59413784
95350997
110006111
927887456
895082242
177501350
128365143
186054649
602658089
993027642
89748373
267163582
623213930
118461348
201324238
747443291
644108883
804200565
518726821
406071034
182062957
971870843
881117554
773490277
171864072
659151964
642974809
180618940
120655847
535455686
312604638
279191304
179151417
740432361
867921744
481959074
17512475
163340890
509119078
935349871
125647630
781823532
776069566
586578159
318696259
415585218
322545297
615892413
241036709
542650121
605231782
873066562
443158677
694738798
42386527
847727886
550277486
138439463
93656731
626237569
496629664
115973324
63631549
173576865
881587445
707527391
212230723
174767680
451534600
94484870
210212823
140223112
249899648
431827482
869206914
715616750
473604707
669927703
16265002
129550258
412375583
381062573
895082242
522420133
820877604
473717637
129446644
853180933
537548175
773123364
209496520
25141346
318696259
841260006
481959074
91339158
927887456
21888427
469613611
535899562
467467188
820913199
144645478
193534254
412375583
859593186
8375093
703194586
564423227
102922131
988230206
520800975
104730690
43841598
23204374
52945960
221513738
761018343
335317503
962097708
445792833
89748373
405661515
257964808
478446034
191454809
892552665
799226432
990355186
716426214
985290270
21523250
101303700
813012232
451985726
96816055
273786986
286719707
337576503
232474764
11438040
279184268
59397839
773123364
18024600
66788125
181888127
147165042
442330615
712323620
204023264
857075621
52038663
958593448
640910132
926722980
125219352
494252339
983010749
458274443
209494850
963050649
912191528
756607551
796183674
648753863
293505033
129522240
116849946
880792572
707187293
323611069
105338821
501012280
711748167
517487866
869547162
558028797
101303700
299010068
985060347
228659302
183589099
88200654
562963284
676444236
770409587
148311710
182062957
68700886
487910926
679814620
881117554
212230723
470535255
252275151
294643170
737955685
317159276
442330615
587337623
777543322
707187293
103114365
781823532
105338821
470535255
140611707
11438040
516350222
8375093
470704414
233711647
307552041
782217139
250485050
985629805
578384724
45379090
533770488
847233441
115209305
86477014
783954078
734495430
450809110
377576525
662644505
641322332
531558970
572882647
172558354
617057265
78144189
433207072
88881594
737955685
564338578
286719707
22164239
602511920
596561172
284299579
991128625
853734842
881866544
323840239
602658089
35370433
79139461
125219352
75190050
43891783
5920357
269105945
100044833
196484300
667104287
263836071
5920357
240090462
640306716
120997248
123196726
285631880
535899562
946134400
777439132
657900497
709043253
382563264
535455686
501012280
362124871
103114365
939106453
82328828
535455686
520372143
850821637
176399464
589405682
698751768
41972357
280039794
271602435
881575856
526390254
725125489
408464447
659264567
877037356
993984837
401492163
816334033
476652457
633235189
793451328
313384182
703832983
665940159
495097941
49685623
370467911
65862716
247946989
398986948
429569636
214418329
679738922
439229101
624262881
730574511
589806848
337118934
136675607
901136748
966384846
54185803
252449818
353910436
161444692
495097941
314933010
533447193
828137517
839268557
404080243
196889604
616657293
449347757
392359727
564338578
138319388
560492046
208334346
497376585
93656731
780434623
435820942
105338821
988058546
687463596
793451328
129550258
602511920
907978021
771256596
350397626
618367490
758938063
771447929
870792652
333291414
940635129
193374954
499435902
57178759
625003825
958753299
286222075
335666659
82328828
519068752
164471730
149094363
64993301
610400662
204500242
89159568
703162497
371603820
125858620
862976576
114556835
697055853
990355186
612373040
456738607
738300303
393831478
962115149
489194507
757183459
89891160
690597023
746794579
734018400
354142677
594799651
843166004
724364670
726115474
253853888
541093821
679738922
746794579
76347739
464359341
54829799
188663263
115839369
370981934
22164239
655645046
580279536
686642539
657415863
801429078
501880959
141119930
979444276
165205766
46346187
958320638
615523125
499435902
118461348
70791228
472817993
586578159
496506370
125372345
378311084
171864072
91339158
191454809
990348050
88570276
705868976
618473886
862635616
515290254
695764394
851952119
694738798
122624886
749497825
182062957
777177505
624262881
316391589
179151417
912191528
227111552
965223510
415589544
114416288
92384616
304441826
890642904
80338334
105338821
120983975
959170480
512536559
223071159
885627952
26264069
78074676
171864072
249584722
793843635
1718148
433207072
330346638
136595110
17572896
440712637
435329386
934649123
86477014
501880959
752459631
219628312
485104282
854713738
434756216
131925610
865825107
11724065
445511388
16118160
706403263
140842104
351867121
745426743
114208514
426443982
227111552
881713259
230986575
605162023
938846927
865825107
703832983
612467690
239125752
107847801
415585218
408783217
906243092
963050649
43102602
98113693
798606284
14698528
45684361
146325959
398836609
323611069
458365903
675878276
877037356
554409945
988058546
53100569
226727966
125226034
51309207
61242671
23441140
550050020
228280020
657900497
297508797
909129433
525921886
737813551
286719707
744534907
939106453
275270602
944313870
669927703
30300371
674749138
712323620
696719764
63631549
408999679
81197525
442603434
188204833
373007693
903742403
46346187
82417967
163579965
103114365
31562806
145901612
781836716
375145016
146325959
596091313
875803094
697055853
861693641
503906095
279920765
536322852
303576770
538129466
966384846
596561172
43891783
50474863
557093267
867921744
101846791
867921744
5478630
868296218
415922323
730574511
792506369
40608046
512536559
252275151
14698528
638320798
732290391
712489799
6718986
67184770
227111552
440444618
208334346
34723084
786832717
129550258
982098662
713646110
662644505
986819219
824672162
451534600
869206914
291444726
559791718
31557157
179461873
242374479
773123364
6542682
893281828
773123364
443158677
35310572
123196726
469430135
780705262
618367490
17853346
586420645
338579883
509112312
125606510
484052570
683739396
63607613
910945550
119080934
3794511
441057560
117915858
793843635
711351223
596870177
12612722
147165042
404080243
542650121
332103498
282092487
140842104
757160710
63631549
623593329
471404576
801988824
965834330
176399464
34630457
591905495
366982597
961386775
399975350
176399464
235243135
140611707
589405682
782719942
469465565
38282997
126715209
600846215
499435902
853848917
159128217
973304302
998749101
115847913
881117554
115847913
588464436
524954849
133193029
741206100
740048605
572882647
644108883
777177505
52169114
409884494
515929448
801731918
225592838
590011675
751939593
655254025
925763250
716426214
495929278
120983975
108969627
495097941
76347739
650366414
442095177
20970475
349771866
225592838
332103498
45988706
101860108
443158677
433207072
874836097
932410776
159128217
8375093
88881594
187580920
488461677
902057663
781955045
78074676
533012159
880430314
145684145
717999434
970811002
559791718
29036179
429039335
377328407
279184268
710560986
408999679
60824907
376620253
283070431
450809110
54495859
869547162
540741503
794380470
180629553
694738798
930498777
911204743
975254872
475343095
481841464
193497230
778493168
125226034
429333495
924819678
965223510
13932201
893759355
41941995
390011005
509119078
392191636
562963284
374951227
63631549
327341313
867921744
743068219
144414697
133193029
841641469
697055853
599415995
824058467
193374954
214750934
534395160
234602932
617057265
226125270
752459631
501880959
928260764
429039335
893281828
359214624
491657110
836207461
798985363
86105860
63465245
115847913
49813887
291224106
640306716
205186673
564086031
466253246
274438842
583787226
45379090
902057663
716795792
125199757
868052164
375358834
377328407
481137532
496629664
235243135
794090890
70864998
641322332
984017591
8375093
36599583
554409945
247966121
76869123
990348050
330402707
305463375
4576744
41941995
599415995
420041775
386379049
191454809
944618732
794090890
25141346
129522240
860135077
512053343
69979073
60137008
59397839
238000736
342578626
55225396
726174886
82328828
469388855
285631880
645977736
15919145
651829118
710040224
215714766
518726821
916196695
683791171
686266879
451534600
645977736
535455686
408464447
801731918
602511920
60137008
501880959
56491931
415589544
103114365
859593186
785109118
469942989
56491931
118461348
86477014
473604707
845290325
51047995
920334239
878461798
314170216
674659296
129817589
654140730
521387464
470535255
641322332
958753299
503572624
583787226
128733726
535899562
749346764
96284296
879668555
510623799
342578626
841258873
323840239
894416410
741919818
376620253
982292958
429333495
977468436
472833233
925763250
890821003
746794579
863490543
185260690
450809110
291224106
373007693
167242421
43023806
136595110
816334033
239778353
78739694
971870843
131925610
473151743
911040292
374012454
398053893
659264567
851642004
24815062
674659296
451534600
330402707
771256596
533770488
444461346
526525632
881575856
456738607
547575460
555951539
421117171
165205766
138319388
667984479
369954215
111574008
430340728
735027328
133960191
371603820
66788125
106681433
68182632
617057265
22164239
323611069
692921213
383485041
934107400
154392883
286222075
679814620
773142864
212230723
33877419
460119778
562963284
472833233
461354487
125199757
104653733
252805211
146691151
39997098
78359926
79139461
370085625
65930978
709043253
105064741
157235454
867921744
376670507
254117062
159128217
683684937
819007390
238839563
928193994
771447929
33323443
126644458
257840302
92394308
640910132
736318150
204500242
453052712
535899562
275283276
927887456
57046868
150733032
107847801
781823532
446910491
559439609
615576732
88881594
964577832
436100842
89748373
180737333
795286519
469942989
697055853
368317639
235264252
460544464
150077068
978776461
723488735
19252071
466253246
145731581
348594037
533447193
907978021
26438797
52410152
54829799
962115149
314164027
569688587
450809110
540741503
108969627
61242671
984884714
953066707
106460790
435025782
281339522
593082585
351882361
76347739
115847913
713646110
823785235
529157139
49685623
145684145
664263206
963761274
400910122
578138365
920054591
703832983
626230977
796130455
408999679
923861972
37149278
725125489
335634387
737239561
705338001
182493303
398986948
273978408
904885396
159128217
743068219
12838869
5920357
954660183
6542682
891509705
905656659
705728148
880430314
869547162
59553780
675164700
724066590
103167197
118461348
313684033
187580920
945218995
501880959
210212823
89748373
472372765
882973964
415589544
415589544
865825107
726174886
822373765
541093821
383485041
435025782
775304376
137219344
694738798
606670571
562963284
786832717
76869123
110287241
504485
373007693
43841598
386221218
782292027
59413784
227555360
272861598
470069243
56693528
411813920
279184268
69625421
878461798
453841245
823785235
813012232
19252071
878323612
230074142
925763250
734886734
678838642
651572922
159128217
440444618
122048231
61500780
689025524
901288473
512053343
605162023
771447929
30014897
963027917
495929278
351882361
381468052
408999679
376670507
277456442
958320638
466253246
810059
800705075
88570276
304441826
92384616
178813573
675164700
535899562
209496520
880430314
388536227
712128331
235985299
167242421
861693641
69832325
684507728
61937066
697055853
979524844
781836716
181888127
984017591
35359236
830448716
451534600
214750934
235985299
836207461
224197610
892404795
244228337
659151964
982286977
909129433
415589544
297511067
860135077
76869123
828137517
171035632
753814425
412733037
173576865
30300371
762326765
254117062
867921744
580015395
115847913
631432960
369841058
178801364
227111552
414416229
280838052
512536559
963050649
897407249
281614044
177501350
103167197
449270106
773027956
460544464
593711235
736135950
806969287
42386527
743068219
119080934
52169114
307160747
958593448
494560632
880430314
653040627
995935920
592364931
307160747
6542682
881587445
421540846
382340907
586329965
273978408
158247712
637120437
105855479
920054591
23281343
109696955
103167197
684224861
564223799
415585218
68700886
76069423
851952119
493083911
998749101
122048231
857314008
588104889
61242671
23281343
67184770
926637770
573084643
227781919
8166524
41972357
226125270
34723084
923861972
29497915
335317503
626356776
962097708
689025524
66788125
982292958
324040462
591507979
400910122
841258873
25141346
723488735
747443291
794380470
398836609
592364931
738300303
707806073
949696069
134236434
136595110
302602605
104645791
743422445
762326765
564223799
793451328
856754038
686642539
625118431
869206914
96816055
658893339
736135950
726992322
138319388
186376312
112834436
895738205
145183898
664268117
520870765
93656731
226125270
735957824
963652353
598822855
849471103
241126354
156680910
388536227
503906095
140223112
655645046
841860798
642974809
869206914
133960191
687767068
16056761
215714766
685909080
707187293
548755481
955313895
591507979
182062957
400446385
33877419
475191198
599415995
161790571
78494047
388536227
181888127
114416288
125219352
179112569
331456379
509112312
176864083
52945960
249479553
711457629
469942989
821622986
841258873
624262881
450220568
491431837
107847801
17853346
701219850
494560632
110287241
191454809
561020447
689062246
408783217
493083911
119080934
160460330
459869600
82328828
92394308
600762517
889363718
193534254
901136748
281614044
494560632
756607551
944618732
630474141
793843635
860135077
114672039
833471595
205186673
450686647
657734046
697055853
41972357
125858620
771256596
373732549
294897596
734886734
573084643
442603434
675164700
590011675
17535893
209494850
179461873
687403022
747443291
781955045
191454809
69979073
401876135
249028949
82417967
925763250
999214108
533447193
612872373
235985299
862635616
52169114
293505033
163967331
189384957
342578626
767465540
369954215
910695394
144414697
623593329
371603820
43891783
963458621
35370433
86011402
751002899
20997302
115541461
645771229
