503906095
643000505
820723691
89159568
869206914
69979073
145731581
86011402
782292027
286879988
643000505
589806848
227111552
984884714
860135077
445792833
919749637
539800784
893543477
626356776
606610243
140842104
564086031
911204743
662644505
885627952
529401619
165205766
100294159
495929278
19995956
591507979
272478179
525921886
494560632
773123364
652810461
793843635
286879988
117869627
598777506
777489406
836207461
159128217
333291414
125606510
684507728
354417882
393216116
230986575
88570276
23641201
752696889
21614527
19858129
268707044
797625303
374951227
862635616
978776461
822373765
99099992
177501350
378049697
793451328
225592838
454514793
140842104
484052570
180618940
17853346
707527391
792506369
171035632
23281343
879088423
572125326
533447193
978776461
631432960
450220568
242374479
95177475
778950166
809475159
838035177
45379090
476844735
75190050
108969627
434756216
408999679
101860108
824368435
879088423
238146196
777489406
794380470
737855176
312604638
215114067
469388855
45379090
771447929
209473903
926637770
275564197
33513968
411813920
155428989
226125270
653040627
717999434
11438040
541621688
655254025
701130340
970811002
792782916
6006932
196484300
868296218
592364931
917644539
458274443
348594037
777489406
74458426
108969627
259230965
529401619
143472146
68182632
293516304
605162023
848042164
992193632
279184268
285631880
998749101
209494850
297508797
984884714
794090890
644108883
541621688
958320638
433207072
59397839
124345040
289493531
655645046
286222075
276137779
35359236
600846215
707527391
794090890
102258978
464155415
993984837
239778353
247966121
408056084
891371990
902057663
592364931
454514793
443158677
489178657
643000505
806368066
512053343
978776461
100213003
879188813
867921744
953516289
670018367
643000505
371603820
179461873
889363718
721821336
24595938
580279536
309297142
737855176
29939354
578384724
771256596
889363718
118461348
637120437
249479553
485663294
34630457
545427899
640306716
684507728
756607551
736135950
103114365
22164239
550050020
602372100
892404795
409884494
501075015
33877419
32037540
112834436
910695394
683151080
840506041
180618940
66098879
163668025
42386527
400446385
583787226
557093267
701130340
550050020
398986948
350174650
674007615
655645046
650366414
68700886
209494850
443158677
773490277
963027917
76298939
163967331
489178657
993984837
557335475
68182632
339089174
308833122
398836609
695729364
865909273
101436317
512494022
49685623
847727886
674749138
109536774
499435902
467352885
76298939
642974809
59397839
698751768
596409882
781836716
17535893
126715209
19858129
747443291
847727886
279191304
3794511
978776461
643000505
309297142
515929448
101846791
163351355
821216825
285631880
853180933
586578159
522420133
910945550
182493303
833168718
411813920
60540843
330346638
17853346
366163498
69979073
793451328
227111552
495097941
9257333
20641847
687767068
653040627
442603434
99788765
182493303
33877419
196484300
824368435
469430135
496506370
228021285
495929278
183589099
436100842
963050649
473604707
473018328
398986948
429333495
210212823
667104287
408783217
125265212
348594037
369954215
167242421
392191636
592364931
767147874
770409587
228659302
466253246
412375583
797625303
737955685
46598211
954496026
119996677
953066707
40443247
850821637
902057663
773142864
101376054
167502842
746694441
489178657
797625303
893281828
849471103
928193994
897407249
29939354
975889773
281871991
699267230
82328828
509112312
850821637
180737333
179151417
501880959
228280020
456738607
501075015
400910122
926637770
654140730
230074142
56693528
406921199
272861598
589806848
689576488
412733037
29939354
86477014
155428989
737955685
41941995
518726821
163967331
274438842
736135950
297511067
775304376
115209305
713646110
400910122
559791718
475191198
475917279
330346638
214897243
686931427
717999434
554793850
781823532
99653198
475191198
230986575
393831478
542133168
107847801
875803094
794380470
94484870
381062573
638320798
286719707
612467690
934294147
272859885
776468400
768164004
686642539
843761215
215714766
179112569
379291886
469613611
569530020
398836609
21614527
945949990
701219850
414416229
969474054
138319388
304441826
778330295
520800975
96290839
653000461
778493168
877728665
877728665
999214108
705868976
57046868
437498344
376940358
140611707
963050649
813012232
564338578
724364670
889363718
433207072
244228337
49685623
804200565
412375583
555951539
234602932
161790571
191454809
21888427
91339158
388536227
606610243
268707044
916196695
72834383
564223799
684507728
819466336
890821003
247946989
906243092
378049697
76869123
131925610
501075015
501880959
172060741
79139461
114416288
51047995
469613611
757160710
518726821
115209305
881713259
99788765
350397626
999214108
69979073
52169114
982292958
145778742
683151080
865825107
145731581
713646110
495097941
495588986
69620367
563681096
3402148
736318150
119080934
986819219
985629805
618367490
903742403
228280020
569530020
86105860
279191304
408464447
65930978
569591740
280295037
478446034
453052712
767147874
299010068
692921213
533770488
529157139
631432960
131925610
32037540
596561172
211405019
554409945
686642539
95380215
240090462
239795221
723528265
78074676
963458621
94484870
106681433
689576488
751939593
178813573
362793091
247966121
51047995
95177475
965223510
377328407
465919947
16662222
458274443
188663263
631432960
36610678
381468052
990348050
732290391
655645046
662644505
182493303
726115474
145778742
622137608
908239260
376620253
242374479
438721257
326251455
698751768
205186673
602955018
43891783
305463375
615576732
460119778
679630653
212230723
953066707
89748373
860135077
148311710
67280351
587337623
559791718
501075015
429333495
751381443
700790813
881713259
145778742
91339158
215714766
30300371
875920992
376670507
125219352
897407249
96816055
432396455
737955685
695393521
96290839
891371990
625118431
209473903
96290839
107151706
920054591
101303700
291224106
796130455
587337623
201324238
916196695
733045483
502340148
66788125
534127450
540741503
50779125
889363718
176940917
495588986
94925989
122048231
89159568
252805211
911040292
533770488
299050014
461543536
533770488
512494022
29497915
623854658
680084481
529157139
945218995
442095177
564338578
795286519
757160710
740432361
964577832
757160710
107150624
643000505
167709507
791631327
55225396
182493303
52169114
654140730
376670507
143472146
65862716
820759203
167709507
408464447
33513968
959170480
59326948
770409587
801392945
726174886
118461348
651585428
783404230
399975350
724364670
183855795
150733032
824368435
792506369
675164700
520591358
113677502
35359236
625118431
21614527
903742403
466253246
723488735
182062957
949696069
273786986
711457629
249789650
663204171
497376585
766624097
971870843
589806848
572882647
221513738
723488735
920054591
268707044
910945550
381062573
525921886
9262289
404589501
212230723
520591358
99788765
588464436
16662222
91178143
686642539
701130340
542650121
377328407
903936805
970726916
125226034
520800975
470704414
59047458
590011675
249789650
521705256
747443291
388536227
161790571
442330615
314170216
781955045
736135950
958753299
178813573
293505033
4576744
953063940
22164239
411813920
76869123
592364931
683739396
253853888
11438040
17572896
685875810
705435226
473151743
761018343
95380215
238146196
853734842
160460330
945949990
859593186
839946662
47029773
793843635
148311710
158247712
441057560
821815669
869206914
853693767
828618233
773144953
408999679
687767068
566471475
993984837
291444726
7016093
684507728
686642539
225592838
798985363
433207072
201324238
998749101
351867121
725125489
737813551
890821003
227111552
227430158
464155415
23641201
509112312
897407249
100213003
440712637
580279536
903742403
63631549
643000505
496506370
704075306
99788765
17512475
992193632
893281828
108999701
376620253
495097941
875803094
381797391
821815669
655645046
349771866
851952119
400328831
57161646
695393521
840506041
373732549
881575856
598777506
569530020
114416288
853180933
76869123
80999241
651829118
502340148
793843635
112834436
679738922
281339522
686227458
187580920
473604707
23281343
193497230
927047153
76298939
980174200
326251455
333291414
637120437
286879988
861770042
366146145
512536559
215114067
304441826
612872373
297511067
703832983
119080934
460119778
360601863
545427899
554409945
144645478
743422445
926722980
714911743
983010749
383795938
983010749
17572896
674007615
209494850
450686647
171035632
366518329
475191198
920334239
829041332
438086873
690597023
163967331
126644458
624262881
60137008
751939593
239795221
45379090
122011306
877728665
21888427
569530020
52410152
977468436
943187642
183313821
487745312
350372969
411199964
210212823
669927703
764676460
850821637
572882647
712741430
281339522
776468400
939106453
773490277
556314654
312604638
891371990
786832717
161790571
201037319
65930978
184932848
703194586
3259339
22164239
890642904
199863614
675164700
674007615
393831478
857314008
393216116
129719061
654140730
228280020
881713259
896249180
285631880
861770042
393000755
376940358
717999434
209473903
674749138
215114067
52410152
925763250
46598211
6006932
990348050
68182632
698751768
16662222
618367490
61242671
289493531
858260569
834649155
445792833
698157879
92394308
320016251
74458426
870489539
786832717
360601863
109536774
794090890
618367490
988058546
179461873
923861972
793451328
736367134
280838052
880430314
878461798
469430135
512494022
466253246
794380470
602511920
801988824
453841245
713646110
241607767
734018400
30300371
965216999
889363718
167709507
600846215
163579965
369954215
496629664
793451328
793843635
689576488
578384724
138319388
672167099
399975350
215714766
417960779
469613611
853848917
259230965
603198258
408464447
679738922
393216116
312604638
100294159
816334033
670018367
5920357
204500242
515929448
297511067
665940159
467467188
651829118
433207072
51309207
752459631
623593329
9583308
106460790
178810514
184932848
235243135
821815669
167502842
730574511
794380470
726115474
221513738
51484747
172894189
286879988
865909273
163967331
442330615
226223178
703832983
95602205
971801275
201773323
710040224
610578838
541093821
57046868
382133491
807761492
398053893
880430314
812843491
272859885
713646110
76298939
453841245
241036709
46598211
482500252
848042164
214750934
187580920
851952119
63631549
201795479
737955685
578138365
602658089
273978408
373073088
399272155
49685623
125858620
179112569
469388855
11724065
249789650
103114365
379291886
700790813
249789650
782292027
280295037
80999241
929064353
891308195
29939354
958275684
881587445
465919947
442095177
149963958
707527391
450809110
125226034
776929249
670018367
592364931
984017591
623593329
335317503
890821003
33877419
456738607
235243135
689025524
648247175
96290839
63631549
625118431
155428989
335317503
822848643
381062573
707806073
878461798
114416288
650497397
145183898
824368435
874622145
777170074
485663294
362817968
376940358
606670571
658893339
52169114
764657954
420041775
761018343
42386527
565052121
881117554
103167197
707806073
76347739
214252475
382563264
687153612
700790813
648730244
230074142
717999434
373007693
323611069
558028797
564223799
86105860
687463596
674659296
481959074
736318150
984017591
545427899
20970475
705868976
462015637
688628336
45379090
146325959
12103832
764676460
259677758
295191139
732290391
22164239
323611069
115847913
201037319
649030085
761018343
105338821
21614527
698751768
591507979
16662222
892404795
893281828
737855176
595906418
897407249
535455686
17512475
79139461
64455826
42386527
889363718
95798446
649243259
281339522
388536227
907978021
449270106
564338578
529401619
737855176
645977736
806969287
408999679
23204374
193497230
377576525
674659296
911040292
9257333
820913199
502340148
95602205
683739396
115847913
909129433
622137608
599415995
743422445
388536227
572125326
43023806
592364931
586578159
376670507
375358834
643000505
853693767
541093821
695393521
865909273
861693641
214750934
796130455
204500242
764676460
24088573
337576503
79139461
182062957
66996069
52169114
76869123
736367134
420041775
751939593
297511067
299010068
20970475
716426214
512053343
822373765
826845051
103114365
227430158
400446385
125219352
940635129
770409587
191454809
801988824
331456379
161790571
957731306
919854381
724364670
894416410
193374954
761018343
63261909
335634387
398053893
212230723
60540843
877728665
690597023
891308195
295191139
129550258
442095177
279191304
550873589
897407249
602658089
662068074
927707621
966384846
970726916
892001533
952049272
249584722
494560632
338579883
227430158
599415995
253853888
439229101
378311084
892404795
738300303
756607551
412733037
773142864
640910132
138319388
50192190
258899959
866310430
778950166
893543477
712323620
108969627
467467188
435311668
124623312
596870177
209496520
482500252
271602435
941594728
473151743
23641201
867921744
895082242
89159568
652810461
653000461
501075015
332103498
531069718
416021319
56693528
227430158
215714766
657734046
154392883
37166899
853693767
209473903
306044516
94925989
610578838
370467911
7016093
650366414
993984837
450220568
520591358
184932848
594799651
740432361
792506369
125219352
179151417
958753299
378311084
7016093
450220568
679814620
778330295
147165042
92394308
3794511
984884714
307552041
439229101
63261909
491431837
137686953
415589544
369841058
757160710
147165042
182062957
912191528
594799651
686642539
839579528
623593329
802348052
333074686
996349812
43023806
369954215
877037356
240090462
473717637
373732549
349771866
429333495
489908497
270228615
392191636
901136748
580001974
801988824
293516304
42386527
161790571
35359236
36599583
399768767
52410152
730574511
112038571
188663263
675878276
65439242
605162023
851952119
875803094
598166761
494706867
400446385
890821003
60137008
771447929
408464447
91339158
209494850
795286519
9583308
133193029
623593329
37379408
518726821
193497230
350372969
451534600
963050649
505189712
183589099
494706867
771447929
163668025
828618233
59047458
89159568
525921886
998749101
510623799
307892038
161790571
654140730
318696259
706403263
32812024
536437938
894416410
971870843
642945510
649243259
853734842
969474054
489861125
59413784
393831478
221513738
573084643
957485728
43023806
915773865
798985363
286222075
687767068
60137008
494560632
675878276
580279536
623593329
335317503
554793850
910695394
376940358
707187293
916196695
214361607
136595110
51155806
367670311
665029913
717999434
583787226
429610254
96816055
860135077
100213003
351687053
823785235
839268557
559791718
869206914
469388855
230986575
101860108
489908497
178810514
602021226
82417967
20641847
242374479
72834383
309721730
565052121
654140730
178154278
316391589
512536559
736318150
16662222
274438842
709043253
259677758
21677035
796130455
140611707
870792652
272861598
95177475
881117554
642511889
658893339
101303700
540741503
550050020
439876883
958753299
114672039
59413784
562592163
69979073
337576503
870792652
869206914
484052570
20970475
472817993
108999701
736135950
29497915
902057663
433343464
449270106
825737653
429039335
881587445
781955045
773490277
286879988
877037356
429333495
456738607
40443247
625003825
869206914
43891783
775304376
92384616
730574511
228659302
990569005
268707044
923861972
625118431
348594037
615892413
227781919
793806226
512494022
732290391
106460790
821216825
891371990
297508797
239795221
501075015
881866544
911040292
59397839
36599583
35370433
865825107
29036179
982292958
458274443
116086633
249584722
792506369
18024600
593082585
949696069
112038571
618473886
535899562
638320798
158247712
599298443
510871246
945218995
107195811
920054591
747443291
533447193
909211732
272859885
179461873
736135950
828137517
802348052
777170074
277682812
3259339
262052885
943707579
238000736
526390254
554409945
499435902
733045483
314933010
501012280
929119912
178810514
439229101
848042164
501880959
5920357
651829118
125199757
272861598
383485041
991128625
74458426
350372969
606610243
470535255
333074686
710040224
439876883
853180933
935349871
878323612
643000505
830448716
239795221
179151417
687463596
623854658
286222075
289788069
602511920
645977736
103167197
176399464
841258873
376940358
7770513
416021319
95380215
158247712
14698528
333074686
516350222
72834383
95177475
675164700
477314055
689576488
903742403
460119778
281339522
249584722
994551940
131925610
706403263
890821003
690597023
723488735
615523125
101436317
80338334
743068219
606670571
393216116
897407249
707806073
259230965
18024600
507450040
509112312
756607551
780437020
206662369
182062957
337118934
705868976
106681433
434357868
366518329
112433216
963027917
158247712
303576770
902057663
297508797
724364670
764676460
724544600
332103498
263836071
421117171
928159640
684224861
293516304
865825107
715663724
351867121
404589501
794090890
892404795
776468400
524954849
43891783
878323612
701219850
144414697
495588986
412733037
112038571
550277486
631432960
206662369
59326948
205529649
509112312
482272372
724364670
116849946
68182632
169309013
841258873
968873679
381797391
954496026
538129466
193374954
820913199
928193994
828137517
171864072
74458426
134236434
623593329
653000461
501880959
304441826
56693528
210212823
545427899
241036709
687767068
541093821
400910122
994826504
439876883
36599583
598166761
193374954
743422445
337576503
17512475
865909273
472817993
607926273
893543477
813012232
658893339
786832717
445792833
449270106
299050014
450686647
829041332
179461873
109536774
503906095
554409945
409884494
800705075
875920992
91339158
120997248
254117062
926722980
399768767
954496026
318696259
623593329
847436573
963050649
408783217
228021285
63261909
617057265
123196726
540741503
602511920
228280020
46346187
268707044
798606284
877728665
512053343
705973245
221513738
928193994
442330615
110004247
962097708
708830029
210212823
644108883
796130455
911204743
771256596
331456379
105338821
675164700
721821336
830448716
401492163
179112569
412677166
512053343
60137008
325208474
890642904
123735218
373007693
563681096
76347739
388536227
896249180
112834436
589806848
303576770
123435754
404080243
451534600
496506370
35359236
50192190
654069055
737813551
32037540
920334239
145778742
404589501
95602205
865909273
326251455
67436924
35359236
801392945
381062573
737239561
149094363
610578838
429039335
49685623
99788765
473151743
732290391
713646110
640306716
268707044
408783217
230074142
469430135
794090890
945218995
563681096
239795221
333074686
743422445
710040224
977468436
623593329
248774662
613281668
281614044
510623799
106681433
235985299
458274443
753814425
773490277
679738922
590011675
731661770
399272155
813009610
473604707
992193632
438086873
101436317
489178657
338579883
960700088
22164239
209473903
800705075
172298738
249479553
505189712
228280020
228280020
67184770
773144953
277456442
182493303
564223799
244228337
182062957
776468400
115209305
839946662
146325959
911055077
752459631
657734046
238000736
9262289
26264069
958753299
935349871
129550258
892404795
847436573
350372969
408783217
94484870
163579965
210212823
167242421
56491931
72834383
388536227
297508797
234602932
583787226
56491931
193374954
484052570
903742403
179151417
259677758
408783217
285943307
125858620
614862386
105338821
801988824
69979073
829041332
43891783
179461873
943707579
897795562
144645478
984017591
847727886
984017591
775304376
331456379
512053343
125226034
939106453
541093821
738300303
366982597
337576503
631432960
160460330
780705262
828618233
66788125
773123364
655254025
736367134
777177505
861693641
776929249
333074686
573084643
613281668
189384957
895082242
123435754
640910132
711457629
146325959
777177505
123196726
178813573
33877419
451534600
163967331
970811002
37379408
516313926
780705262
613281668
493083911
128365143
563681096
679630653
990569005
469911443
621123368
747443291
725125489
272861598
998749101
848042164
125226034
998749101
155428989
573084643
