304754359
777489406
862187836
800705075
118461348
376940358
450220568
669927703
145778742
901136748
857314008
796183674
674007615
125858620
131359579
820759203
699267230
105338821
330402707
488301189
96332752
129522240
675164700
122011306
797625303
697668342
337118934
533447193
268707044
369954215
92384616
369954215
231073980
37379408
430340728
268707044
205976619
563681096
24088573
849471103
612467690
874649338
907978021
249789650
408783217
471404576
712555516
887098299
9653070
91157977
450686647
395029043
115209305
37835664
370446716
630474141
800705075
248774662
41972357
656089238
878461798
272559120
43023806
280039794
879088423
471404576
160460330
509203923
869639784
598812048
442259083
551918008
122327380
403571850
233711657
642569283
32629676
893201520
491431837
813009610
162533239
722932888
49813887
980486251
505189712
687767068
107151706
76869123
214750934
333291414
191454809
473604707
174974738
764676460
254117062
72834383
265608633
910945550
918139548
80999241
610578838
602658089
145731581
674659296
952598806
323749579
348594037
878461798
975889773
60137008
851952119
695393521
544150938
487745312
123196726
443158677
865909273
169309013
910695394
94925989
77079518
484052570
711748167
66788125
695393521
870792652
197553789
786116724
19779127
533447193
37379408
525921886
111048109
268707044
481959074
43891783
330402707
103167197
844358186
801988824
67184770
280039794
502340148
114208514
185665307
76869123
113677502
279191304
120983975
138259988
437141880
560594273
122011306
420541670
131925610
793843635
927887456
954496026
800705075
395440560
451985726
712128331
541093821
801731918
839660738
895082242
52876402
727433400
565052121
733488744
562512739
335634387
401968774
199259400
293968600
21523250
88296813
701218677
917644539
839946662
469388855
141249559
705032431
293044182
362793091
472817993
795286519
252805211
548187576
969749774
786933390
245964410
197729729
195521537
778493168
41941995
512861542
46346187
331456379
522420133
392644226
346234301
756607551
562963284
399768767
860135077
894896503
710560986
473151743
370467911
524467947
626208126
649098758
314933010
88881594
101860108
116146506
171864072
6006932
838681245
270659706
115847913
526623155
440712637
558028797
999644831
63631549
68700886
333893319
305858671
398986948
165205766
883379137
471404576
8375093
17572896
621123368
48115416
46577229
159128217
52945960
460285091
74962347
76298939
958320638
953540388
578138365
690649737
615892413
761018343
791857918
880430314
991309828
11438040
503906095
564338578
79378241
640306716
251548700
700790813
307406165
881117554
985629805
866310430
49813887
995935920
746794579
149423199
103114365
172298738
69979073
242176190
593082585
37586047
778493168
30014897
240192805
878323612
125434872
231073980
335634387
680597476
737855176
475343095
173576865
796858571
786832717
36320122
41941995
976779747
193497230
910945550
131191090
621123368
737694255
31562806
274438842
501880959
159128217
802348052
436100842
60137008
337776574
989331588
572125326
404589501
44857928
877728665
766780301
195118825
889363718
178976557
348594037
263438452
72624823
125226034
627006222
555063487
36610678
293505033
489908497
297511067
687767068
145684145
43549821
88570276
945423007
564273264
610578838
510651053
76869123
84201119
517419528
111065363
962097708
596870177
392191636
495588986
147165042
221513738
483557577
963050649
599069117
709476769
29939354
124142824
103167197
453052712
34550618
892404795
657900497
333158449
920054591
335317503
338579883
101376054
6542682
721821336
415589544
219472492
578384724
431827482
442603434
651920950
618367490
973304302
689576488
209494850
622564019
470535255
217376504
650366414
821216825
332312314
489178657
310043987
738300303
139883287
114208514
400328831
398836609
993984837
638320798
150733032
60540843
176399464
462142066
890821003
167502842
172298738
309721730
653040627
158138562
259712356
626288568
180737333
618367490
607926273
623854658
279184268
903127224
984017591
753814425
715096377
177501350
795286519
572882647
116881349
404589501
593082585
953516289
193534254
763481923
943707579
43841598
426273738
865825107
57484960
764676460
265591391
366050762
456738607
52945960
773144953
155113791
332541165
737855176
254117062
164966204
129550258
45984249
414416229
572882647
67184770
215459037
299050014
821216825
537548175
249479553
707806073
281871991
737239561
127283826
837259354
212611524
991128625
911055077
291418597
866310430
770409587
545427899
564330954
67184770
885627952
861770042
442330615
388536227
123435754
689576488
652883592
652810461
626356776
430340728
599298443
980174200
280039794
709043253
281614044
34723084
52945960
43891783
881575856
489861125
79139461
679738922
91026197
659264567
47029773
351867121
657900497
707806073
798110352
69979073
69722172
441238295
986819219
21614527
297508797
857029441
65862716
299247209
376670507
21888427
480666378
558028797
114416288
422154644
99295418
736135950
986819219
55225396
399975350
156086241
376683625
9262289
412375583
958753299
674659296
642511889
145731581
235985299
512494022
771256596
112433216
415838755
847727886
22813774
675164700
263836071
430983886
80338334
29939354
201795479
262155147
949696069
707527391
46758754
391492468
866310430
143472146
806969287
608943904
101303700
26243042
416021319
315250649
688988391
777543322
45796468
703194586
513353483
400446385
420041775
205395659
851177994
86477014
801988824
916196695
650366414
177501350
521867991
675164700
131925610
839268557
179112569
879668555
776468400
37008916
35370433
673662050
929064353
9652119
865909273
889363718
541621688
775894695
174623533
605099018
657900497
105458681
41941995
798606284
652810461
59397839
919749637
640910132
35310572
369841058
679630653
320016251
320016251
754428685
126715209
323840239
631798240
379291886
134236434
550277486
60137008
91658175
982292958
79139461
78074676
654069055
293516304
524954849
786116724
314340615
79139461
737955685
824368435
674007615
923613597
542650121
382112621
810378043
501012280
411813920
6542682
839994638
495808633
954496026
106460790
725547208
123735218
889060493
598166761
534149669
777543322
64384000
351687053
823785235
641419947
116849946
586578159
470498623
703194586
253474638
31993040
7016093
229147296
928193994
21888427
412733037
21677035
516350222
78739694
916196695
611563558
515491796
241036709
607926273
129550258
910945550
990348050
294897596
107572076
767131817
686642539
335008021
419841225
277456442
716426214
690597023
853848917
235243135
362793091
59326948
35565412
716993358
726174886
86105860
112834436
487745312
471404576
90879672
934719269
400679269
879088423
931219205
17853346
272859885
307552041
116857359
37379408
411813920
777170074
573084643
925763250
201795479
451985726
337072970
453052712
92384616
969474054
965834330
63690011
653753977
502340148
133193029
963027917
23249303
562592163
880430314
22811651
95177475
850735544
586091637
20641847
404080243
247966121
622137608
501075015
83511438
73526481
228021285
539144306
516350222
642511889
689025524
897407249
317159276
442330615
115847913
54829799
528583771
564338578
650684972
932410776
444497812
669927703
706403263
22164239
59047458
816334033
861770042
599415995
399616514
792506369
572789431
965216999
877048563
180629553
804200565
775776290
689025524
892404795
17025425
906205665
591507979
438503406
299010068
625003825
667104287
615892413
873833993
230074142
379950299
513844350
763490672
907978021
55225396
847727886
451534600
756607551
503906095
485663294
189384957
273978408
415585218
356777774
33877419
499435902
120983975
910945550
412295571
101303700
661409514
314933010
369954215
101436317
522420133
856139364
68182632
875803094
201037319
970990370
149581656
841258873
19252071
536437938
360601863
835557819
697055853
962238017
880430314
314933010
449347757
230074142
926722980
123435754
322694316
963652353
444922645
400446385
32037540
222218954
920421028
502340148
148311710
249584722
593899668
894956998
438086873
847436573
214581760
778535086
562512739
505321071
689576488
317159276
21614527
72834383
493083911
138319388
154392883
891371990
466253246
650366414
657734046
82721499
371603820
281614044
366862680
901196340
404852393
566005837
167242421
734886734
435025782
475191198
303007112
983010749
145183898
68353501
408385664
289493531
869206914
747443291
252904593
865825107
256342189
942592421
109914645
400910122
533770488
809385464
89748373
510623799
333991587
272478179
557093267
137219344
655645046
701440766
150383417
980642092
980174200
820913199
910695394
297927761
885627952
701130340
76315594
525921886
114672039
652810461
123435754
688628336
859593186
114208514
465919947
491431837
869415691
606610243
705973245
937760843
228280020
894416410
305113136
369841058
686770398
140611707
259230965
509119078
687453591
567295510
778330295
749346764
941798583
65862716
36248568
125858620
869547162
60540843
248774662
857314008
237324945
49813887
798606284
3259339
813012232
703346447
864933796
123196726
99295418
862635616
228280020
206527880
401492163
725125489
439876883
497376585
669927703
118461348
398836609
662081360
624262881
327299397
99788765
598166761
177236693
695273030
3794511
51047995
495588986
165205766
998578870
11346083
488843419
631432960
558148682
430340728
337236317
174977744
195118825
116459643
743422445
304441826
107151706
639130818
550873589
145731581
252805211
672167099
38245339
45379090
23641201
263836071
600846215
226125270
975889773
701956199
687153612
501012280
921988961
764676460
683837059
215714766
905027442
589405682
791456948
173576865
146133567
95177475
770458790
686642539
782549458
6878286
17535893
881587445
600846215
125858620
926833848
865909273
120136112
304441826
378311084
659264567
726560488
273978408
778493168
791180166
390045917
21677035
163967331
88881594
823785235
850821637
686779810
581384215
179151417
52410152
251941140
411813920
944618732
616560199
280295037
735760286
60137008
17853346
434756216
605162023
80338334
986819219
871437560
588464436
376940358
51303751
847727886
429736904
393000755
764676460
481959074
775304376
31562806
59291321
408783217
297511067
675878276
341216953
17572896
9257333
182493303
145731581
367118186
975889773
557093267
584929708
280039794
63261909
965216999
450809110
839268557
683739396
299050014
528434379
481959074
570556718
241036709
690397770
95531751
173576865
793451328
239778353
16265002
800101744
421117171
472817993
591760568
21935828
675878276
121523181
550250842
286879988
689242917
355325404
145731581
34723084
778950166
489313934
907922136
551193627
191660743
911353893
622137608
107151706
653040627
624262881
87012996
442603434
643597702
674244151
395925197
894010925
65930978
49450364
600846215
237942654
928193994
346083541
975889773
690597023
810059
400446385
928260764
224374531
43841598
34723084
253853888
215714766
929253259
558028797
101846791
653040627
212230723
845319412
828680882
490218572
125219352
986972378
495588986
59326948
115847913
182062957
24595938
600495213
484052570
404080243
846959611
386379049
583787226
6006932
375235611
353486035
139769046
701736843
689576488
733145219
82550637
801988824
398836609
598166761
140842104
4576744
555951539
88570276
699350639
828618233
705868976
625118431
977468436
557582450
179461873
122048231
662068074
928260764
29071664
108999701
247966121
61091330
35417779
155428989
37379408
443246369
990348050
861693641
929064353
846467834
687153612
234602932
522377842
515929448
891308195
425810743
209473903
169309013
828825512
732813668
116849946
453841245
716426214
833086407
965885349
247966121
672167099
22313243
951041405
252805211
891845271
63680240
146819018
114208514
512453242
687463596
910695394
634218394
469430135
272861598
798606284
48683225
357755374
286719707
63631549
297508797
30113662
782217139
503906095
907978021
398053893
809475159
129108823
370085625
927887456
654140730
8375093
740361634
288168310
276137779
418134395
473151743
122011306
573648179
210977537
193374954
764676460
879088423
307552041
250106065
171129809
676944201
993984837
993763108
764676460
408783217
314170216
637120437
494560632
199080903
333074686
945949990
17853346
757279172
513353483
91339158
230986575
770409587
913324906
21888427
689025524
869547162
235566808
281614044
566588394
1774173
430340728
439229101
960700088
953066707
546014432
558028797
592364931
703194586
473018328
101846791
510623799
14698528
7859461
875803094
657900497
909211732
393831478
114556835
74458426
125219352
855446365
60540843
37024365
454479051
50411424
417723731
234979852
902057663
107847801
562592163
456738607
512453242
101436317
381797391
102887268
329477831
630432795
263836071
43176247
82328828
104053921
959170480
827819154
57046868
215714766
145731581
961386775
202203405
637120437
499435902
293516304
520800975
502340148
48583438
684224861
46346187
299050014
870792652
909211732
117175215
984884714
765769743
653000461
758905830
824368435
51047995
330402707
901637019
305463375
160460330
733045483
804796746
674007615
31562806
232142898
640910132
602511920
453052712
439876883
173093390
200785767
762326765
501012280
461857746
50192190
782217139
885627952
733045483
881866544
167502842
465025703
12838869
247966121
464421227
874675501
286732541
144117328
323611069
101860108
733045483
509119078
214750934
286222075
453841245
118928296
722544725
122469751
653040627
289788069
701219850
86477014
650366414
55225396
991128625
174623533
5920357
260029613
982292958
813012232
737813551
295191139
215714766
97255133
958753299
179461873
182062957
182062957
103812340
400064891
96290839
37291662
970811002
133960191
771094074
69893976
116849946
19252071
82328828
305463375
208334346
380357037
793843635
450809110
984884714
646735803
510064102
408783217
949696069
40162009
585903233
408056084
101376054
926637770
794380470
724364670
148825837
238839563
780437020
643000505
36599583
137109373
665139041
496629664
710040224
780437020
698434394
225592838
217782489
79485433
798985363
414416229
932085708
557093267
351687053
801731918
53807403
78074676
52169114
497051572
797625303
642511889
564223799
766737105
926637770
903936805
851952119
794090890
839296974
495097941
112862703
95177475
470704414
442603434
798606284
667842377
52945960
503906095
515773462
710560986
925763250
227282433
451985726
162794494
798985363
344994557
747443291
103167197
295191139
107151706
99653198
564223799
106681433
59397839
226727966
626645610
723488735
66788125
944618732
557957044
29036179
776929900
409884494
640910132
69979073
342451592
263836071
36599583
817618861
655645046
299247209
49685623
252805211
777170074
277456442
333074686
687767068
706403263
108999701
654069055
254117062
509119078
806969287
525921886
201795479
725125489
175080718
798606284
564665831
266148892
226860532
687463596
525921886
330402707
710560986
512453242
778534400
499435902
861952593
30300371
9583308
940635129
450686647
413405459
3259339
853848917
416021319
149963958
589405682
49813887
653124568
83160589
614773999
382944984
362793091
327791858
168970350
725547208
41810885
869547162
8375093
711457629
327843060
59047458
892404795
542883351
400328831
296299990
464155415
626356776
626356776
63465245
954496026
966384846
963652353
259230965
753814425
154930428
350372969
225592838
41972357
499435902
126252119
33661026
201324238
111604472
42386527
687767068
646474892
256262852
366518329
413964645
4603998
911040292
57046868
155428989
649243259
705435226
453980099
176346330
183414861
227781919
179151417
112038571
467352885
679738922
122420188
688628336
901812875
771447929
98770300
805770499
588127415
433207072
172298738
893543477
338579883
870792652
562963284
92384616
445994434
653481864
292991952
699267230
762326765
726115474
964577832
781955045
470010903
652451255
853734842
828137517
674007615
42386527
775304376
351054410
358473679
367001887
291224106
176346330
36599583
894416410
904195129
439229101
254166701
415585218
985919294
852094311
214897243
9583308
26264069
712323620
458708671
399272155
52169114
4576744
637120437
114815925
915264839
221857277
125606510
54829799
86105860
467467188
705973245
265277174
129550258
806969287
800101744
662644505
928193994
851952119
102058770
589806848
226640318
91339158
11438040
96816055
249584722
713646110
333158449
47029773
249584722
876979050
962097708
17535893
909633575
436100842
338579883
373732549
626682410
341773105
12293339
312604638
17025425
343646974
533447193
853734842
76347739
999214108
686290621
572049384
436261223
5920357
912004257
860135077
281339522
820913199
44201100
88200654
140842104
541621688
163668025
642974809
695981398
193864010
279191304
821815669
125606510
423356123
149094363
294061703
926722980
793451328
69979073
314933010
679630653
308798166
848042164
495929278
470704414
99732516
94484870
60540843
489861125
58872803
535899562
596561172
631432960
653124568
377328407
168311807
386379049
383795938
896249180
848320356
75223873
374951227
876092328
259230965
792506369
114672039
840506041
970811002
112834436
617057265
46346187
268707044
96296573
223071159
42293452
548564284
272861598
25141346
112433216
255424704
687767068
215714766
756607551
711748167
52038663
712128331
583787226
139374347
86781409
462015637
890821003
675164700
509112312
93683452
399626937
761018343
710040224
64384000
484052570
42386527
381062573
61768772
209494850
469942989
316391589
469696872
88570276
589806848
373007693
866310430
865909273
259677758
107151706
770409587
869547162
33877419
524954849
622137608
503906095
34630457
31562806
307552041
94925989
115209305
990987482
763520902
103167197
615576732
414416229
694109665
218213398
96816055
167242421
587337623
156175162
596870177
98870349
342578626
446401220
114416288
602955018
509112312
32037540
495929278
903742403
927707621
100294159
949195303
65930978
272859885
849471103
716065799
210977537
626356776
624484189
74869813
408056084
796047017
272861598
737813551
496506370
867921744
382563264
198512724
869206914
252805211
272861598
19858129
959170480
564223799
501075015
67436924
77277045
49685623
382563264
99295418
225592838
800705075
466253246
925763250
56491931
917711815
123435754
253853888
29939354
705973245
692921213
698751768
865909273
926722980
529042974
360521720
215259528
890642904
33323443
31562806
350372969
626356776
182390327
794380470
354417882
173576865
625118431
439229101
940626794
134236434
227430158
349771866
404080243
377576525
926564946
164544108
952830033
473717637
847436573
655645046
65930978
144414697
717458678
421117171
778534400
740432361
615892413
93656731
421117171
6542682
75190050
712462110
800101744
778534400
753651205
529157139
615576732
674749138
992193632
121922677
136923262
781823532
919749637
133673628
239778353
903742403
446143253
34723084
225592838
379003215
794380470
653040627
51047995
988586517
944339339
678643446
96816055
891371990
248774662
374951227
178810514
726115474
746794579
286719707
939106453
683151080
946134400
860135077
332103498
896249180
134978020
246590366
109536774
537548175
106681433
24088573
472817993
473151743
277456442
841641469
76298939
280295037
30300371
992538166
944618732
381062573
853693767
594799651
5916151
101846791
524750908
940635129
309721730
478962164
111248345
75190050
52410152
705868976
8375093
43891783
235243135
545284755
107151706
823785235
76869123
703805821
332103498
176346330
432385584
736318150
599298443
752459631
114902422
858635375
55885840
382563264
149094363
590824568
550050020
927707621
11438040
134236434
880430314
289493531
154392883
917270259
408999679
705973245
68182632
945949990
707806073
330346638
683739396
254117062
686931427
963841041
99295418
103837131
15199434
139043802
657734046
990569005
869206914
963050649
578384724
276137779
902057663
970381498
794380470
535899562
7047221
590011675
140842104
737855176
295575693
263200948
474734854
289493531
781836716
323611069
726115474
701130340
289699469
653040627
