414399670
505189712
467467188
775954401
610062324
145684145
976510856
596561172
19858129
618684368
76347739
132590372
928193994
975889773
138319388
246893275
844210580
438473076
201037319
124613901
622137608
377926106
44202673
670018367
101860108
623827434
133193029
21268140
400328831
103598803
533770488
86464184
511587888
59047458
703832983
134236434
731757797
786116724
375358834
20997302
366982597
861693641
657734046
434756216
36062309
756570890
86011402
237853204
424107939
432266048
529157139
353588309
418298779
520591358
138218480
43891783
946134400
794380470
92394308
689025524
97176877
881117554
254117062
877478260
123037263
588464436
112433216
443158677
128174469
114672039
473018328
529417111
513276581
853734842
101846791
804200565
958320638
321728509
401684605
179996197
8375093
822373765
995591082
756483305
317159276
121647286
452326095
922910698
853693767
592364931
18024600
475191198
875920992
424554338
320016251
210427000
469699621
74066159
431059228
777489406
333291414
193534254
688658912
31051111
126055273
122496449
267484924
865939375
977468436
301855051
625003825
35370433
743619959
223071159
907978021
86377827
610521008
422622441
144158252
30138396
526390254
557093267
684507728
583409493
884006613
610578838
320016251
440270955
1116809
65722069
781057211
925763250
733045483
167709507
675660632
823785235
226727966
677443300
338735051
944618732
249789650
172596463
732290391
400328831
378743357
362793091
793843635
963652353
221513738
312416959
369954215
52169114
524438001
55225396
660885210
271854708
593082585
746694441
999214108
655687190
147165042
273786986
937782730
716426214
469942989
484052570
662070607
449363086
204065775
824454493
969137770
638924834
807278693
20970475
52169114
311455549
995934197
89748373
703194586
988058546
575375598
783398628
279804886
751002899
546655131
995712202
51309207
404010899
53253725
780705262
404589501
406179492
631432960
191454809
707527391
165014295
209494850
417161566
195541737
299961100
472817993
460119778
839946662
919749637
860135077
80999241
659264567
236155511
637710633
286222075
64710071
640608003
123435754
169309013
343397637
66806415
905619306
163579965
22164239
586578159
505531737
127533408
688628336
67184770
826845051
573539260
288178865
583651897
963652353
24595938
16671210
136407377
376670507
293698481
88934264
857115953
227781919
335634387
749581670
65930978
118192604
461782816
29939354
17025425
869206914
791852331
904653082
697055853
307160747
331456379
205350121
17535893
124256092
28331437
460355601
939556452
442330615
959170480
881575856
885627952
506257289
30300371
44868716
824368435
52945960
3259339
395634867
420041775
439876883
112038571
752046450
179112569
160744332
955170330
503906095
211244586
773490277
163967331
49559372
728011934
310903778
305483691
475343095
641322332
444089532
781955045
129550258
620536396
326251455
223071159
276507960
101160789
705973245
829041332
851826041
206662369
970779564
551894639
36599583
847380397
558028797
488633189
593082585
285631880
281614044
780117295
938911861
564338578
640306716
380175751
140716860
786832717
769594233
236366025
925763250
36790833
869087940
511176764
554409945
858807465
381797391
697055853
965834330
399259883
180132845
230920394
256628711
433207072
813012232
385993814
56086543
473018328
685870301
496506370
209494850
686434761
606670571
931122540
271632701
567888456
834509134
227111552
563681096
80999241
383485041
56693528
906243092
768220813
337118934
906243092
671630522
552174821
99295418
481959074
137219344
12838869
51155806
128194944
527561685
561753120
26982265
386379049
828822339
297508797
86105860
444581530
21888427
797625303
337576503
951400923
734850643
505066641
117160542
55627569
851952119
398876532
717254927
383630463
60540843
273978408
63631549
851877566
472833233
137219344
350372969
875861245
575606353
369954215
58783480
227111552
414416229
142760319
88200654
392191636
640036600
144645478
25141346
71024663
813009610
169317950
99788765
827348962
536322852
770859225
526913320
970811002
442330615
802309071
281339522
437004989
330402707
978689879
122981956
909232300
326251455
211377625
21677035
580279536
460544464
623474
181888127
67436924
412375583
964527518
112676231
222297320
273786986
179112569
370467911
518726821
17572896
730268521
451534600
817147557
512494022
204500242
239778353
606670571
146108944
64384000
328212973
919749637
379548227
533770488
305103583
668765757
254117062
958371052
599415995
847436573
280838052
146325959
291742335
642974809
871689366
281871991
178154278
681311512
364756058
406256100
735057289
741141803
431734492
54691728
242810198
480969746
688628336
589405682
91252503
277879350
11438040
538533239
56693528
40443247
51155806
125309358
132251550
35765742
912236742
155937938
95152747
436100842
93093325
775304376
701130340
698751768
684265725
598166761
392272245
772853752
9712136
149473339
460119778
9583308
122586542
133193029
459331454
240368954
720694125
269614945
204500242
961386775
64083499
517750287
121842615
472817993
594202481
926722980
635249533
675878276
78074676
884200645
43841598
10433085
398053893
129522240
994707425
67969072
334325504
698476324
434756216
12254006
625118431
537512769
938444246
293516304
235243135
450220568
442095177
875920992
106460790
64902742
182062957
29939354
756607551
398836609
380307733
333291414
112834436
792479086
231073980
503906095
39666761
848523016
965834330
254075817
881575856
596756553
727601610
5920357
57001350
482500252
677907213
657734046
605953069
966384846
52410152
169765475
176399464
115107040
548451456
384227934
850821637
800705075
509112312
26859612
505612081
475402089
879088423
826845051
476844735
131796443
375358834
63261909
378049697
74458426
155113791
963050649
432907479
400910122
144740801
580869276
113381930
223361623
163967331
26264069
766919822
95602205
454514793
536437938
20997302
786832717
726174886
891308195
926637770
173576865
374951227
988982918
100294159
415589544
591507979
64384000
778493168
79139461
949696069
56954840
890749186
318899234
103446024
14274957
942544075
334363261
626582617
991128625
344443235
239795221
953516289
46539066
523989998
536437938
585206808
42725825
106851294
333074686
28303326
918045130
626356776
163967331
35310572
114672039
300771340
593125239
63465245
369841058
640306716
670018367
404080243
383437776
479917068
285209707
884194132
326338930
741257583
705912196
383724779
777543322
638320798
626410261
957165247
890642904
329909261
551185106
242729541
821622986
93656731
612467690
299645027
377757958
482500252
951522677
959170480
393831478
34630457
813012232
929064353
674659296
610432535
410574293
698746549
962097708
682118600
560200362
954467819
122048231
77191533
841258873
331456379
413241593
773144953
62396351
134236434
828618233
496629664
80338334
169182267
230074142
706403263
299010068
216454015
118503702
126715209
675164700
184932848
44992306
307538082
438643834
961386775
249076541
481959074
333158449
776587210
801844354
464155415
987286955
998421751
24088573
247298493
31350909
556301611
939106453
193497230
14698528
679630653
585517778
495097941
54695132
376670507
612521596
1363184
210091454
685454647
19868512
901136748
502467698
288549299
820759203
81519425
710077519
86105860
89159568
653453252
100409966
357114062
103167197
237490212
272861598
766785574
41897563
518726821
49813887
999214108
822373765
43891783
612467690
285444008
386827670
509119078
56491931
794146604
184310522
47029773
42467914
203379359
878579577
130256970
820845718
150733032
674659296
775304376
960700088
469388855
962115149
962115149
120997248
469613611
879668555
17535893
583787226
490018433
777543322
602658089
710542733
643000505
841641469
11782230
564223799
438339119
335519465
401492163
33949030
642635359
909081582
373007693
142418568
458274443
584199138
388520511
564976649
47029773
312604638
882973964
375799512
958320638
606379951
961386775
251216660
410854209
759791372
211405019
817408048
265671277
174307364
76869123
210977537
841641469
915011478
996254710
778330295
758532212
701219850
392985926
435025782
108562144
707806073
909211732
147140238
401548379
272478179
701625967
165205766
992736260
59047458
323611069
874305533
810011715
86105860
215568812
683833183
656835559
473151743
11724065
444355167
276137779
348594037
17025425
473018328
815764425
372751333
889486191
45023342
865909273
640306716
55198149
52169114
74458426
789597296
877728665
281871991
922661064
472991358
66788125
966595414
651829118
984884714
637120437
482500252
928155636
738300303
388536227
297511067
489908497
535455686
514580574
458274443
431827482
731566789
770080202
995678349
612467690
796353409
5920357
328505755
559791718
857314008
963652353
103911558
125199757
88570276
771887432
3337920
737201048
559791718
41904826
412069019
813012232
349771866
372225714
349865603
252275151
24642203
739675350
489178657
460544464
545427899
343498971
610578838
520800975
771256596
584449896
114208514
666253732
798484287
461480641
878323612
901987478
72690467
964577832
6370009
125199757
248146665
181346114
913723773
421117171
653124568
241829587
966384846
548423473
96816055
145731581
55837431
445811351
21988966
724364670
16416491
412063575
641322332
377020766
567631825
568019616
885627952
885415141
794380470
33323443
29036179
243854149
655254025
911040292
710040224
355612551
260532991
389458701
59838357
953516289
54829799
513425719
569665450
42386527
645519737
940892894
38868766
415589544
654804434
929064353
89877027
771460831
220376684
858260569
809171680
342014182
64384000
606670571
308090629
395339985
73240366
362172508
173576865
56377941
182175048
129218662
833758919
963027917
196152048
962097708
252805211
399768767
637282222
286918191
17853346
179461873
764676460
144577876
397082599
845638163
30157066
21444859
899249152
865131784
115805702
69979073
596635211
489861125
411759051
922910698
954960898
970811002
376272473
447526683
556001226
102527595
554409945
972949569
280838052
429333495
847727886
501654126
813262527
709104478
535455686
598166761
460119778
535455686
136595110
47008427
53770210
174623533
387050427
57131006
961878284
8375093
187580920
924922426
61242671
509119078
382563264
496506370
985508889
510623799
221161243
712723698
849471103
248420293
589867095
512053343
24307450
641891036
836871349
540741503
905812197
980174200
801731918
654069055
520800975
554409945
683151080
906243092
923861972
262701873
131388086
214335618
210088315
492515143
343832998
373971400
621175772
98820080
340535085
842540772
87826702
911646267
527939674
212230723
872088178
91339158
449347757
718560271
33513968
890821003
542210847
981603337
363080282
877605354
393000755
821454972
40053944
6878286
273978408
512536559
197923374
654140730
143472146
433380098
642945510
269737808
578138365
847436573
139306326
145183898
874836097
794380470
573179458
364917146
191454809
176399464
408783217
430340728
666746175
86105860
925732687
944679731
161663812
642511889
433207072
941883536
862635616
7016093
393481231
205110157
273674037
633706265
472833233
399975350
19541875
71282058
617328671
161598679
91594675
458274443
174681517
141245547
860135077
49813887
214562391
107847801
544283764
55639689
906243092
56188282
602955018
640658285
992193632
252904593
391596010
34995214
771256596
963652353
487745312
85344348
411813920
980174200
125226034
497214654
126788696
404589501
69620367
142504161
135653674
248357485
48931008
906430024
557633404
888865934
987811441
691056836
110287241
215083144
703696479
308599491
669280559
48510675
511385335
838981319
830448716
305463375
77163936
189384957
778493168
879088423
482500252
839946662
992455952
95430071
491431837
191454809
876066281
872144684
504730902
281871991
442330615
884249263
375299357
753710265
705868976
67436924
524954849
351990312
776674479
631305377
106274048
658893339
714202909
167709507
96601238
214335618
788552699
261650987
64573601
736135950
90118124
710708231
183439859
925732687
642974809
752339088
956411249
747443291
340942283
957770
705973245
101303700
586153219
82723321
711457629
822373765
724008655
641322332
131925610
435878227
522420133
596561172
16265002
49145927
531517170
589806848
98063717
96290839
116774888
371603820
481959074
958854432
572125326
881117554
251835023
378082542
514192344
95055107
314170216
598166761
662644505
821815669
496052510
99653198
879668555
869206914
78074676
700790813
962097708
638320798
714451640
963458621
107587937
47029773
249789650
965223510
476844735
726861604
786850038
929170252
33513968
827676069
713246484
249789650
751002899
59047458
351878283
237067010
82752865
489861125
211024750
178853785
550174095
629231314
761018343
335366702
909211732
851952119
464510676
37314052
323611069
467467188
235985299
493059949
520591358
661846085
416021319
933757919
752248655
818709049
282474837
490865336
705868976
63486371
594799651
874836097
112038571
193497230
442095177
812553655
176260891
97371401
915110662
408322644
393216116
374951227
624363518
621328991
510871246
953066707
865037147
982292958
650366414
68182632
86477014
142145619
238000736
554437021
541621688
409910072
399419327
193618983
619602525
272819617
734018400
841970490
323611069
542650121
68182632
458274443
776218699
286222075
485663294
253409015
836830854
281523318
140611707
70137071
703832983
807641535
609987424
66049312
208067652
786832717
451534600
747056165
82417967
773490277
94484870
153531549
985629805
928193994
289493531
958593448
537186898
828137517
988965342
954496026
416021319
352001062
280838052
572312368
495097941
649243259
700790813
732290391
235243135
653124568
259677758
830448716
51155806
210977537
503415537
125858620
35359236
419714369
510871246
231073980
638320798
786116724
317633713
596114001
74336408
608317598
59413784
286879988
554625447
33513968
820913199
793843635
743068219
705973245
61819760
675164700
127340340
579818068
645747409
169151154
454407603
984014320
404080243
412375583
287647721
279829849
291224106
88570276
850821637
843937550
349771866
731784834
99653198
402020470
17572896
258492103
462782549
859593186
954610099
550277486
946134400
179632004
239761498
443516747
191454809
839946662
630474141
57161646
689025524
331653234
973304302
720548071
289493531
413254017
60540843
137219344
935349871
164511870
958482148
911715208
202639986
52410152
839946662
790146935
849514896
45379090
949696069
483389705
991128625
672167099
586578159
130054554
88663091
237950223
227430158
881587445
26841129
718733274
437200856
101717442
253853888
221211880
494706867
338579883
119080934
46533696
336434839
158247712
356266943
512280626
457532087
201324238
683739396
882973964
16662222
640306716
238839563
134236434
806969287
207093016
415589544
37519384
431570295
17535893
736318150
771350216
603582931
814621824
728788500
998800785
534910147
897550444
685875810
453302139
945949990
379590635
203298165
736280347
973729957
475343095
688988391
58817185
897407249
654069055
545427899
107847801
430340728
294897596
594799651
860442243
171035632
966384846
926833150
57449444
254117062
804770151
804071813
24088573
238146196
391955373
756607551
993082731
908297060
583730294
335317503
165205766
788921637
478226163
566037309
657900497
381468052
964143448
719080359
640306716
804200565
366815354
7049749
715205900
486411451
169309013
489285400
866310430
879088423
442330615
800101744
641838587
782228305
100250483
4856348
450219946
784533083
625003825
442330615
164667092
369954215
318741293
533601305
333158449
96816055
526495351
127818972
990355186
825200106
775731436
91407560
777543322
841641469
193093031
297508797
111011223
991798513
563681096
889363718
679814620
25141346
590011675
806969287
289072432
102328390
947315270
703970079
375215458
17025425
47718099
634983331
945693724
56693528
724042943
429039335
323707126
188663263
612941349
363436221
792506369
641322332
32037540
291224106
683361663
289788069
985618548
580279536
893281828
201894058
972029591
751939593
32614210
793451328
50192190
473151743
99653198
335317503
95177475
263836071
963050649
954976354
411813920
59833586
932410776
45264441
782556222
973450276
557093267
822458117
259230965
33877419
101376054
209496520
611243428
316391589
333291414
451985726
123435754
411703842
17853346
994682439
747443291
65482555
948449923
499435902
662644505
70138259
98354584
544558339
886758836
559775520
46346187
99788765
125226034
747443291
545348152
965834330
830356634
205186673
23641201
659151964
706403263
946151133
598777506
30443960
667888418
69945371
451534600
593972766
749897684
180275108
244138084
974412905
238146196
17572896
653040627
699800134
439292126
555951539
24595938
273786986
836207461
44542465
687463596
872528760
195118825
431827482
689025524
654583986
34140955
925732687
778764727
554409945
232160786
7016093
696719821
692921213
11587234
23202056
82151631
281614044
442095177
400328831
475343095
995935920
64384000
634602399
211111608
606921439
148097327
732290391
833396383
33175933
17512475
248774662
544151340
211405019
605162023
652810461
80176299
408464447
201795479
689576488
550277486
862282202
927887456
781823532
823183321
860249602
442603434
821563319
370085625
990348050
506874963
705435226
128547438
562512739
953516289
123435754
209421616
894629743
270234269
27758735
115706715
473455306
645771229
244107004
367854474
844968774
513353483
774049841
698370802
281339522
927917212
761018343
112500954
442095177
698114450
898987098
67184770
919749637
874836097
318696259
412640614
605162023
826091153
215114067
375950341
477426512
400328831
602955018
149963958
54951477
686628009
980174200
654595058
771447929
964577832
93656731
59326948
536322852
874649338
909092066
221189257
29562442
43841598
483150741
653000461
622327084
536297702
813012232
362421641
403009415
123435754
565977240
578385070
402510618
351882361
441057560
893281828
813774744
63581122
145183898
134903850
483553929
157721776
507409941
782292027
316391589
803464745
137068510
533447193
436469068
293216009
958320638
115252713
412050431
498678039
746637157
37104389
753493634
573522135
60137008
403710155
151644255
716426214
81283960
593082585
903936805
543296580
889167846
418556109
542650121
211405019
557093267
417021711
867921744
634850401
538129466
590426256
869547162
383485041
777543322
89115011
602658089
35630632
276431965
705973245
225857078
686350752
411404746
980738758
17512475
957772979
424290327
705405737
80189266
645960945
781955045
89159568
40745358
686642539
504389382
26375851
458847463
660027678
437498344
919854381
518726821
686931427
265669973
276137779
656036813
117788
324616647
989278167
640910132
316391589
451494290
744550105
19252071
55044282
216857106
813009610
241036709
21888427
345188583
24595938
33877419
76347739
868592666
43207457
439843589
11360440
943685065
674749138
907978021
589719213
677483664
992022028
701219850
796130455
154046007
524432785
191816946
472833233
441057560
208334346
333074686
114672039
562835641
371603820
58914940
587067979
285631880
218895737
17512475
121915809
842572924
338579883
382563264
41941995
195118825
472552708
436100842
625003825
473604707
155428989
318899234
272764592
789673144
4856348
668443894
114672039
430589753
731374439
121986539
167242421
268084973
874649338
227430158
839268557
231835521
512053343
741292889
762326765
877310603
293505033
445792833
619104974
30549339
211405019
88751438
910695394
452895295
358998446
965455326
446498778
249789650
125606510
579480588
541210464
32801669
893543477
441057560
891308195
391616726
186054649
122048231
698751768
540464480
144645478
594309505
535899562
409025612
119080934
362367819
496589162
869206914
656727989
494706867
562963284
578384724
84943822
734018400
149094363
115209305
902057663
988002765
373007693
8646755
457383470
928193994
782292027
996283527
411813920
752103792
253853888
173576865
95177475
307552041
723827319
145183898
138196285
58773395
436100842
944618732
444922645
186054649
973304302
948743390
