303889628
593059684
561556608
98125111
284548066
848031680
971469515
187819447
89838506
263201005
224664062
701010087
364722468
374648930
754949751
604626015
716686462
618367490
239778353
230263437
249923486
771256596
608730002
677671373
36610678
842434742
774475980
811167209
167502842
193363411
318433656
855620826
77761193
60776694
382136637
833934999
434628373
918425048
46449279
939436318
786928714
764249563
881960770
200822510
974716303
657187889
313108245
597820728
800705075
111860349
482707502
11783755
782844057
769872730
703970079
838984280
433553988
118086009
4263817
113895128
252911954
985821405
133429787
396669449
646224301
65843222
921365249
461456086
434414326
743348261
244985664
212003745
821157279
806292823
766834084
781822326
370465642
474555437
399224843
48492900
370229945
481757346
149416464
539485015
707956928
354956509
472817993
645771229
495246892
239915584
30341233
822962673
940711134
206420433
733582677
376507605
712742098
637515583
65229224
570936445
932276272
175414478
781836716
228163906
626473924
216245372
353252935
885273437
306802864
233797131
658863707
699943021
583358716
883902910
659338758
244237132
295984278
262964010
317543363
23204374
153831521
198345262
125464090
881713259
654732744
108467332
593085635
675119499
441644026
418413826
613281668
257363025
448814582
701629411
618713735
14414086
602728820
360274492
505503195
293958031
972725080
721792687
591507979
833638627
925108420
679478188
298865774
418678711
178185718
513396743
877141478
774811459
724752418
659792859
903687621
657094863
879656486
884895687
33352711
200234651
362793091
719859056
935415826
101887672
55111997
534952848
582334555
632587434
330699304
971717240
104877172
221841923
534339811
846273843
464354624
95919648
404159392
747477438
519609365
12070490
139631132
279744632
311671588
570654823
37061436
674659296
736905694
193799989
40779716
395505717
727916832
235487622
35185520
972980503
72005196
899797707
697173679
369954215
623593329
66617102
465919947
596859625
654648044
794682375
119175783
207447205
748341071
921791611
825902415
645766282
70549341
2583782
136988169
263275591
330274113
52169114
539121330
540741503
579327245
921586073
373551667
367836059
385411266
974136210
788192346
50885985
367334924
31791559
925346535
835413018
57046868
294700607
915289389
180797928
286955874
756119111
340915649
87086487
788171797
472955644
472398293
45157229
980356987
836207461
825750254
815622205
607523266
74689256
693505247
242187501
47023152
580681489
251018181
768095078
235423657
211402331
155778867
715512748
954982876
499646382
80338334
743073150
4901175
119507383
733487350
213702236
666487322
590708410
130053829
816616811
108898438
797293676
65259871
823963442
776041481
476751665
702950136
227064888
294694459
226014265
196075770
518249530
69261158
442330615
624781075
881956826
520591358
999469041
873859546
53208222
981184367
298567444
990608588
815475671
567317047
139466179
817152434
798606284
205808944
705973245
29939354
104618890
414529375
36096880
15208247
417458604
598276655
735597517
68459306
855346911
536577987
31562806
422481278
387912226
96751332
337118934
327584839
351334753
347373216
69620367
965517631
734018400
14148115
562742667
946080533
369031901
185340881
37682703
434903689
415544571
508936160
403928434
190056090
322764947
754346416
511028093
513523470
737855176
652189581
892553183
266535549
966988314
783620892
357742259
962843246
422496762
333302169
124444098
674235126
17700965
30595975
808934888
432809055
746092162
132269909
323465166
137638941
990734204
644108883
426091018
449347757
920612168
868701202
134585957
974266729
596657081
836714310
641623734
254117062
571942753
660452995
531184410
130392712
942762930
751647433
39043379
279807078
214335618
50365794
679383322
105708053
808426412
140342952
796130455
230827666
704267982
425536840
954659895
169871908
987152854
343278727
825145037
922250671
283827820
35311971
345448248
588934710
387322827
223538148
164946922
951066653
542081400
890821003
469469266
828618233
198346446
383388708
55287097
195125103
568374860
265424761
964888814
876950190
158947307
577659163
856977216
109862184
71488896
391304535
70629219
408159589
280039794
449249857
101436317
194443691
6537102
73184914
787732575
797625303
618473886
584359437
809387236
7343065
126788941
586578159
98878875
483156837
182657781
668095548
929529504
4371612
801392945
110599011
177743672
382846496
180629553
659097527
517012615
153695717
400943514
126452150
891371990
544747880
618084230
643297850
616384471
608992663
925763250
908248250
592364931
884227902
861091846
541621688
315108782
116698272
285891944
251100393
88881594
539041360
339823371
377254935
771109494
3394675
472793551
445225903
234219847
326432886
579566294
62158575
277695641
496956341
570270772
158319756
475386360
458655377
623062195
179002360
344144687
142043000
887528189
743944205
717594676
427170430
18058184
95928412
935708173
71667283
553488994
990348050
523565669
290044085
516042396
639610150
493668092
592212320
295200033
209096270
282192728
789921353
24386687
475321270
546609054
430481800
23281343
180824498
36100299
490948980
403482991
810059
30872892
813913316
148977382
661813770
518510760
320189368
217774549
516515644
575957225
202733593
857194497
500279284
128746715
845441941
648509588
71228463
22808327
936156387
619987095
842956856
344402948
876262960
457862887
925522571
754280276
684693869
244500515
450722176
318247578
202722514
245760110
177109781
441108641
356763203
974471943
951664322
490014399
546231398
974194639
992915837
916903674
933662839
641192090
217199600
78207343
659928051
341669169
809616376
23345626
77989743
920147127
669077945
105423687
3827794
708918761
490073160
64200448
639848667
174815603
32951205
111471049
398089167
301964113
883124316
108813740
996084811
741036123
744122219
127490721
104662629
154122709
600975395
342882059
816642187
522824003
580698174
249867999
540205156
155823876
929064353
985486952
401650906
542717591
840666828
368199976
428865009
846720599
713412661
496126928
753467934
399975350
868171032
974720533
550230455
682662824
9687582
195405942
362962747
150389295
517518117
201536790
178693614
846423677
443158677
456852955
804883791
487129785
420472742
268081930
203139631
122881827
569887960
162888700
301106258
913793293
931673709
123645230
436198799
446467082
817868188
54410221
788924169
876381886
187459311
922910698
213353910
351521645
368489406
639285440
623641790
557715537
939251
369495893
600064071
633058728
703970079
821622986
643531744
202041206
341399485
404889451
206187551
488871837
910945550
954797683
249165205
234905699
990348050
665881292
742937954
17262897
468783281
839785819
621474754
725666638
581876493
562512739
917328316
482814486
754645064
449180272
42398848
818608676
726174886
263309969
130639521
674480561
896055543
894917966
834333190
920819334
850441227
689343386
447960018
199028226
592034266
200919836
151619860
32841378
666271120
85523226
918738156
16662222
382594499
281762692
815916490
401911213
799299175
824111209
43124841
122283151
952529421
870128576
227111552
704309122
127518717
813021611
169083932
150687431
195034027
159561282
999955438
86016459
480775176
75379368
10424731
471919089
540362513
893906265
20325271
998962370
267164305
736876267
205186673
39418652
225331399
440519626
760427766
320813513
937842689
675485924
982011932
502291430
116729989
409764416
10301451
627433726
403818009
75288057
2257433
325008606
931554137
256047529
134847167
29424497
124851786
644376734
489393746
507549058
876212569
944096429
133193029
131662164
414683455
889939458
397751867
335726574
884397518
830781325
89748373
97993313
743994177
964464598
144028558
386084838
465829169
639750968
131601712
924606636
460119778
262513788
929554556
546425863
705973245
796662890
74802569
703669069
411851007
299247209
621944899
687687904
110115585
64746915
642828330
587975111
35359236
327016985
665358032
902084855
92394308
196141745
547107053
622602018
152860575
442600116
433085127
970663062
772865362
242035678
828583209
694386868
267924124
438558252
553561242
8846274
23118388
583881816
643343568
774635053
745395066
623978481
765974970
201499746
122000534
551784970
844042514
638610074
372881955
612528622
426365017
313781193
245831441
939387616
258687352
219806769
324931309
590453468
739385935
855525868
350397626
42078887
242091069
682963788
130966559
71457418
694116424
96816055
144243444
454510401
3748608
477828661
986832004
369841058
927887456
872783985
306364372
529568075
222996432
965216999
288668122
193232254
368440637
43995504
25169541
955278740
426425554
371035720
518726821
828572695
393216116
194481967
254226886
791819332
434206911
915023675
164866539
268707044
185905867
884615938
734240088
786832064
998651423
433216539
893533119
889781759
477306505
16009922
763048420
341865293
272174056
580935442
212872571
345408068
273064722
294380695
73674479
68986538
602270534
35867230
646071030
330032930
778640831
494113847
143472146
526372910
799166233
18156364
897308939
726618105
625824280
512068795
462585652
653288258
882184304
127568347
194574222
299306700
368914696
87573845
143965320
140425954
586354114
657629165
365392725
863740603
21388000
857391324
105206828
514540125
601957219
434799013
67704065
422495379
992318685
651495278
538870815
432672241
94301413
124870919
978776539
710820378
381136847
746343792
218744505
897259930
145900695
771425858
92562378
670081543
808836944
945850490
833826985
783329475
936545496
990428287
221938056
145231724
834628236
109910933
430165570
610030320
230074142
451534600
446796546
806828627
268463834
383366892
364694248
721503340
518977392
453485621
41585426
969474054
393670221
385908954
892826742
614848725
555124675
188663263
802767599
381062573
934634866
76702059
206414791
624538521
107697465
252375304
778534400
46144229
734834804
702056023
977429687
871321468
630627668
163100682
181973874
374245223
688988391
794160666
415071616
333793793
914871146
449178214
231942099
785702937
179112569
237182374
182062957
645548572
57029151
441237049
56011494
633435687
652135574
384599464
318332005
955688145
898193705
660528077
458822223
297987313
271647300
42747340
78396610
874649338
179188895
664359173
977342204
105424065
562100665
811121761
138994523
643567382
977481698
762130803
141060124
844210580
353126705
79495376
139897530
885427384
476930055
25012159
34630457
1380620
688484892
385377507
585275743
820121656
683180358
254115119
540691455
537966276
214326588
221513738
534031860
962540460
434774225
27113292
746583640
851653182
143472146
207548504
419748555
957076628
495929278
638857323
793843635
94866263
685399681
275391877
98552962
271080934
371603820
276612108
70627193
269536466
905338133
411070796
786512765
840651470
701255526
76277614
133431397
895258511
418899794
307552041
672564386
281013428
648238808
739355840
462193900
551921529
208380422
885649856
807166197
250159973
773123364
596561172
460853586
292197813
4856348
267036017
4652686
281726776
994719298
727356393
746125765
692003167
43545134
95923110
903782013
807217265
11119876
293958744
644467808
654140730
670961753
961043323
121119726
1494480
569427696
573414980
91339158
47317547
116813879
737450034
925273350
556203004
367408793
89055623
517416108
573626562
370598863
861693641
937367746
984055863
102081466
675732046
625903719
757634045
89242595
482759439
739790179
766703049
790943567
889230590
20264002
555526876
422795848
623909096
34486011
553130513
858592971
156023809
346038161
415589544
186879918
233160524
45324610
94780578
626979385
345729259
52351077
417590036
478294599
289067953
861512414
476357341
282782622
504944078
103114365
208066262
375720992
685204129
461236085
113066471
117663368
949124974
630474141
190970046
505208421
230986575
280986560
122528409
65546759
67126838
796254546
579354940
540945714
388864517
952355789
404142691
167502842
877646588
235075017
113676722
356362302
108009883
679630653
501075015
128354716
966084088
145731581
36610678
383485041
910965625
881382238
723528265
14526513
408999679
665798341
785472698
50996350
807781389
633030809
957837947
300510638
974142686
479395367
866562970
650391947
265582836
599460709
625800576
706425819
784920368
85152840
159442596
506481845
186156531
525824652
781326229
274926437
720378258
34467625
812843491
969371529
4919774
969575214
647008741
847301691
392383325
31475672
242968597
932309963
120534947
756477263
166696987
151126348
548597220
603806387
787549659
597378200
13595800
906243092
124355659
603293204
895025830
335055164
561348026
972764934
432860198
109126611
309466750
320703898
316687416
408394572
640962460
114738166
19788674
199786176
310915227
268237904
438078535
977184915
169231571
191660403
107034507
477988433
962735092
993647011
172259783
489299258
731834578
383784857
895082242
125858620
78691295
45988455
330667681
938288555
157226948
449869714
167292863
145638387
366472010
162327212
76909813
48159191
944618732
535871425
407873184
153551174
848865922
427881876
450276644
325341088
833174565
782069751
988905519
28598900
806453127
87118387
515469891
739274883
494728674
158714954
266365127
97423462
771815908
758987657
436007688
754674613
861774312
759309254
414925138
276680399
227001809
649141093
140200117
122011306
188439134
489178657
930911469
522179676
60641435
99794954
278228984
379053283
573887358
110015684
775303512
130832832
510623799
477832696
192344183
283110515
686153280
935845846
566148921
423167089
90473811
373879145
277969053
264372161
438684766
890868958
284442675
853359392
735456307
913111047
491942536
673678227
445852164
576044446
110943303
615118627
834581827
649391709
150555225
1067243
959282774
99665230
147840733
975085050
753410280
713593025
912727734
38521698
242782705
255262752
837327082
329450263
266717460
842568268
871012378
452952433
881866544
876887419
574859110
320461818
645977736
714961178
833615949
35310572
547692396
744312779
60584387
903411805
135704406
22372349
33323443
726583309
482730689
915406765
626394404
588705046
705736745
563681096
712090819
414458306
231496689
516917299
453057558
649243259
420394102
211029463
617057265
77776675
428179636
778057402
461129334
997322106
317755098
801409350
750930670
376670507
481172353
43759826
535325444
385374714
191318438
675230042
76349998
311611947
125600370
751839540
290125099
842702005
374951227
808163898
31698768
95345218
415428309
245437275
77553562
31027249
610807094
874670115
734717627
599585595
965451423
504950375
656950533
57563548
237946211
765677220
109536419
314644112
709025771
304239183
487670416
277377970
232711633
921018030
862924633
600743014
122765745
964757965
899883814
683865067
685221348
136927876
459197031
901136748
674220686
374405749
128614023
785450706
465919947
188978958
824368435
53323829
603068962
81231099
28286691
685249852
376583416
65587515
44267004
201795479
907692666
533787340
113280533
234462110
103167197
713189747
751857369
887209032
510600618
438830175
798606284
86931260
920054591
91692209
164018139
12768447
746694441
824354794
961386775
442509752
48824941
118826880
72503115
806969287
477343902
572795518
149507544
894829510
922233333
148369940
712131273
653124568
43362998
253726006
792573632
840942714
646281933
221588898
170604251
188497279
360602528
789890824
414965250
248138593
558109269
853734842
322953707
998580296
846998471
983897187
88987223
13600286
610347349
307613270
780199328
674024365
522689168
542322998
747443291
580525369
51363394
677726622
829041332
158313857
541093821
710119363
527177698
118335767
622627203
763167845
37805510
788105066
426891211
33396389
11363943
404080243
762283259
937416914
373335372
290236088
391472001
388452556
252993477
111422752
42039349
616740754
278263715
60852198
919370438
288180170
591303103
566682766
661717929
415777579
183886799
473717637
677789968
882959313
559986515
706405361
450389139
287214051
350397626
911576730
890821003
497376585
785463405
405024371
525477433
432098886
900143848
296082297
830794246
644686125
13766898
734664112
659168654
116300088
303540905
875985527
373230237
276137779
786832717
110837186
51823707
720718383
475107422
106780860
598166761
537703119
918372473
110945551
916304017
880278413
979888532
851854519
395182416
44486340
377576525
668028707
884024860
520017159
279359447
931922435
281532289
211206365
711567755
873155803
730997625
125468112
364952933
568207249
155641729
155573387
502225294
83910675
9583308
585130042
675798590
114677019
280400397
1137623
994852492
661932297
183156334
69979073
933777304
37738967
924347236
47060198
79773448
930960391
516977805
97400589
965216999
777462619
911204743
874126989
937468225
379814940
992596962
27137518
988221187
413432122
500848102
54135626
708880262
805241513
130132207
561825433
840973932
889255261
852236971
78918351
309297142
423264325
432576767
117258732
969474054
507487237
570206256
758926230
961578652
378311084
55714625
134130667
844358186
711024783
429630571
824606810
372203113
157174752
553305579
215245312
9202839
732127135
100639791
339791820
183589099
615173085
937523488
960577098
81855996
203095184
459588285
975660214
480091342
363637515
825373391
724364670
91339158
255635103
908584721
321673237
645247139
93171055
686996501
438147864
23230594
230408137
163032958
450220568
149121765
591070339
865825107
144156503
272861598
104866185
107590059
948911764
686875858
475574529
404620240
501859727
963405530
146315420
51305837
642945510
628124847
868631574
480527336
721698390
297828463
969474054
487745312
82382037
893815543
921595641
354429162
192142098
757452061
881084639
910511617
122852000
444447013
438086873
344568318
457512608
419369356
70608621
400839962
249890569
769515052
26193234
707594782
48800827
685577008
412636724
226601744
40586250
244973065
216232361
639540290
456565915
816426354
719791392
474790541
499805112
409001421
210406430
981672714
383667865
428961143
65680207
601091418
932211287
43946790
711265553
596009806
355200511
529932136
31335634
749301154
949299459
668705037
896631709
943678340
724305550
891371990
118781674
989402689
337623662
651268272
97012401
3823661
444262218
730574511
94438610
127867676
520800975
795886174
475381050
273311308
904420386
795827891
164377461
195297264
824699404
64911194
244111875
831446005
195377303
59866546
333820332
194595683
554582847
64365133
242323484
526366159
558897930
373253390
984269127
689047000
392795261
154766971
696333288
917397073
685683831
55481248
412669560
745876587
163579965
444297629
342839233
664502752
768011337
259122341
451534600
709043253
512675437
690497367
311106169
810771415
997424520
758518759
552804402
308652118
5239661
52530774
645977736
631432960
992193632
140215322
579206807
580914536
667061352
939820987
25598850
548188135
494910296
72195211
594799651
741637398
138319388
605459488
692847905
978796744
521631903
697700654
799231387
254116357
6315282
792834110
867029257
62638659
128365143
922481786
904602311
35642338
116668929
857295164
373273365
731739112
962190599
933354230
214695022
76582123
847494964
626543343
977978326
159780285
180737333
218828424
417053628
728415849
1497013
24181603
660616179
425776751
129379817
733367989
889704022
518326397
473151743
725539878
6885164
421151782
474275687
690982561
707887489
559496693
57460680
491431837
477892122
609058046
336829433
613175772
21934100
181309670
403344708
609584136
211645823
313479431
413194259
662495015
840775049
526783606
86105860
442393439
431016740
936584501
698751768
793843635
179151417
528936050
157529161
240090462
113742707
231515473
349091831
99232728
610331635
239749041
768891436
981070433
309721730
286543963
922910698
303403940
890132106
534101264
983710075
980615768
581966287
574015841
615371993
274029410
830656622
469942989
56740370
442358489
766875085
750440003
46546838
880760750
355495262
94239417
145141113
78796870
901431973
639791960
473064854
154746288
88991661
347577884
133231115
814711392
109294183
318010439
