777339963
742262669
619763726
840430911
61406153
767480867
911471509
719465314
134580120
234766872
956826139
72398406
458338830
356998138
483991944
92505855
421147572
747494968
526496136
880668679
741942893
400413579
801917288
220420827
80865408
147389893
394876404
190579317
781873715
847602003
117145256
65029526
319001791
887591076
439268224
745139045
138478317
620008395
654017516
945629689
482709841
612113494
310753922
602901782
251748631
254328426
53278350
673426489
992889703
698673207
349193674
238107265
6542682
515258782
679822616
868303052
580553845
508163126
238160186
458562046
292587600
647927514
46606611
144960895
443684461
41384704
492394452
176064196
317860124
892643747
212240645
63793891
256570661
235604541
238380023
142287445
283162555
967562897
157741277
871105200
971093945
184609422
462040325
517475225
117475207
416527241
191316577
696807647
925629382
821172055
425285905
216034949
588189756
118884667
96155070
166189404
209683611
558021609
323924098
54195949
265069683
818638392
457391591
195802178
892194496
528815774
985951907
51426435
782538964
792715309
405769085
66625126
47768959
847385297
873613359
505819413
996600830
981330518
680547713
420461411
760486051
879854878
957480177
129198538
639494206
404671948
615839838
611795952
99197448
178959371
722591699
628416660
581236077
315136494
273219186
128224951
796772908
64062813
93010363
939153175
617610720
914702632
197418770
781518452
988586343
106210571
762943434
605388831
578908637
99467434
280621309
490598915
845290836
754929379
790206763
82130091
511993459
818143653
16354964
700059602
402339246
30372062
527116519
998585684
974621188
935624584
622320494
424196817
39771101
72668101
392450939
474724463
769096088
798735575
987815605
593875007
633955555
687568016
619930256
144074946
5420637
94536337
46133804
713011786
416002703
997089070
613664137
114297172
948124694
619632483
740011776
218630171
88513683
58374397
713387069
120632501
704662932
194877965
248992139
694344314
203002533
46118124
206514295
721489773
368638447
274177376
528842875
25020198
797420248
721761974
358099387
469976215
556968303
817096674
671444849
48957674
211652535
994967244
213307945
522631240
796123599
742041521
880842287
137786105
146473451
447290891
587220101
28218395
574307286
362039227
367651760
912750730
40220013
736476733
354788232
887568974
620206723
608828735
483552076
11056551
350586009
537291729
337871976
662040957
172298738
168755071
30599847
321458607
147165042
340995036
692942847
171511598
516359453
253835535
413466402
211953521
486159757
914147846
173606975
73082623
256855203
882394872
712334903
888779076
960580856
742129637
2266319
100980134
851393919
490311268
320991376
611806521
665254741
676982216
53712550
469919992
284775817
922496915
346868005
129384590
417365452
414023953
224297551
546958476
557010746
697717520
966479005
25268767
241639890
126774408
871315468
125786835
729709303
32005105
10557776
179253509
812711479
831282797
458131463
29228082
99232563
155587811
288182930
771664645
230958639
26713013
510058297
863586293
69908942
323106916
149691942
117526674
844243588
191362938
78783439
93491178
27246728
125019309
618536406
904247055
791149579
930877423
605591892
12328660
4825127
133952094
710694080
734991100
116860748
252447580
277752634
705104885
94681636
702285282
691884963
79371157
451929121
649521102
874805407
524945353
375513106
207930139
905631293
56989364
752926144
471443935
704005088
758276004
964214803
629039906
467794727
515309449
112064297
86880071
832476513
868850230
707387505
38692648
339427386
92562573
667051165
629541256
203164150
378200081
230804198
405818028
345233817
84833331
41565440
322010618
230844784
366810392
678422397
126232360
415887014
860739399
36231133
37285378
728940658
904495865
818857300
652859349
174576767
798731488
387121571
193387057
400782683
938852983
770062176
695755062
213230819
121609328
849725524
22940144
514636530
129771868
805062198
132527768
478726393
994542577
71101640
417237050
89265708
735415967
661811615
724777035
571838196
698645659
828109040
236074137
88730783
396753531
610885146
478021583
877298179
867818445
604524119
539837475
771192554
832648826
152369573
662961501
771970986
421909434
52599616
200118460
121717244
530833226
370749958
263649940
95448539
106205197
14870543
811314287
719169475
397475812
141159512
681099227
116075591
497513356
878938974
877037356
428010915
163297021
694519522
428673002
36544226
714665515
208382622
772434864
609941869
876263015
305285416
612992962
919979444
183592127
963215583
109776349
359903643
141204479
973234084
420637129
821369418
707291730
804737705
568712960
489821051
654963394
641316688
692189206
923528683
899981358
560480598
103644441
567617666
249789650
565116610
468685710
493562926
670545955
832603939
298231312
109187978
785520377
264259556
427437909
955072001
155750100
134194342
643384692
423827761
38636859
110442606
612092966
677455509
998987342
576484992
822480588
26073921
290275824
726513994
51358302
665263108
85920849
799738217
576653765
845366053
948410793
900623697
101462981
976443978
531684571
124910343
146656409
637789615
853939769
207617226
278934702
137057692
545646991
928179520
868439546
32396169
622752852
417987857
305607010
320152487
9448193
367269621
160506946
898389751
499409744
758086696
989494855
726482006
591629714
648926059
723974325
186354008
588229272
33422260
76609971
901720680
608562797
294763575
676714539
206150902
891896707
267744688
483194076
110303379
450409450
254875426
103234249
884141100
658504570
725630425
233655724
621994424
827910626
642066732
838218985
557891815
616281475
657031054
968211758
773030109
187679403
125326616
126719544
678794838
74729466
595485547
359571614
223445076
129568216
955592666
154714564
99969222
723427878
710958639
672961391
312130879
708699653
436191859
508949731
944392317
55840068
656472016
890445263
165774914
175283573
652068216
618780834
175988629
757577267
584920824
654051799
696329318
574198722
688106118
506750051
262546215
220178745
309298386
108471489
125554225
575649361
217999246
105177318
982874262
894406328
296891793
391177073
729883043
780954384
799912554
795540460
856256020
84205120
871400701
34201120
706981825
729765652
677150813
413717127
960649013
372734954
695641047
737483917
62836570
783193459
452996674
941581412
76841778
69446615
981930009
416352835
56183275
337267210
730819118
364699877
325306061
581761751
594437612
104305682
935089440
307656069
949257137
488230392
573794992
789358560
72056360
635583386
921956026
568050980
621302149
617846451
840970386
739890248
141320567
893979192
804800356
794959441
567037112
872026380
995060459
18085322
390660932
773526691
11705765
20043207
101404973
581253713
422250402
98895280
596370371
490470719
583930706
311043240
295801065
19905971
70045068
937820735
852207104
64667365
772212500
562618870
948177994
722157250
6604022
933903915
950808848
292972420
340891464
798490459
845861191
222673980
105928134
935349871
982915840
993453901
130309340
338775807
869192137
412000421
224286810
857339387
204204645
8316584
99891546
777054329
560922398
381845338
436847360
662966600
604393146
660590565
574178557
891605250
808004919
452052643
744499928
622032862
362960476
658624988
796690154
250333057
782263923
112178608
173858973
752550364
122518350
342325538
216570650
487696103
180083996
642008723
171958621
512685265
747420406
133885889
609858762
34748888
684160562
884910974
509178496
338550526
886998704
312042676
266971891
921132960
838138784
83416212
217566334
75347403
138379183
828540854
305820232
542273072
660664767
370723599
137217527
116617822
602028626
145326474
346647048
154837606
637974747
609095388
819207066
826804702
63063208
378306664
999864677
192129803
345525070
131925610
536155081
375160697
135319022
343152223
686191102
643589569
315701413
54858328
377750288
470905541
770681069
742575157
170322277
901781696
641434386
388410213
145499870
74662298
339121493
399243840
843413282
242182461
572582720
542746868
734375553
946026202
560692732
930231134
349390450
578313495
564513618
122245318
357835567
533723297
498003503
811124534
231627204
486369233
100781067
162275213
963350540
955854607
49690896
154965724
239039899
29902970
556437633
191599532
932855246
561398306
284690664
213089121
485544603
52402023
229543876
22884777
925548227
816625205
251858463
558314001
17381963
144796974
749455173
626901432
30214700
534711757
338850525
867200839
767339787
182258224
621998243
781348827
103282344
681933247
665640174
251308635
95195375
32001727
568728001
63319908
924258062
919261859
641999042
342606316
987839962
526305145
109520609
333972645
15010929
720384539
342954978
231288457
541279703
138095878
640697989
609374937
154392883
396007767
325192063
496666940
973257644
429186360
114991695
488270590
649382440
964118965
107444035
659873452
118562087
987264044
895808932
362180045
890184801
379559955
859208557
86098948
516724441
233661190
990509898
463372882
195214318
472502605
640621561
689560712
113021697
186833443
512969452
298035787
935989081
61775424
719539546
94885932
239233666
555971669
464530632
335387279
458875479
148466248
137496609
503282145
492589960
714585811
826295528
919574072
121399424
988283231
626281268
489717121
864938411
522227330
147373198
50426400
334209732
920009701
86964683
78344376
818323522
88657808
314630380
615519215
828752821
262022469
796097069
619921409
435509230
603315063
208126630
179674389
572941538
549800735
76822153
62563881
424460880
698755912
628840784
850873839
119246356
143015626
136508958
747570143
762702789
596123203
954611790
11225113
13444311
147066929
822690672
801971144
393177443
739528230
980055382
413332460
895924371
769534877
803876646
569875601
563915959
630437851
472247452
710689458
876889870
789177188
775303778
142783654
56392522
38973468
471845054
305409142
538763481
50085792
246798017
342423927
865849030
40870041
915194316
359221961
769825992
128704280
273243250
194169583
449314588
364293875
390034928
509339496
721141360
18729118
240114245
579254457
897516004
136621607
395888504
175871466
186621197
822154456
185325671
315015862
909122750
644317199
746703662
192604891
927836073
406895902
66106380
166692219
166865657
210190886
120225
262943136
623391135
35876961
796515927
618331911
890497868
843701625
518366044
429414599
333797919
963109684
108167466
454058607
89056694
77755045
18844150
67757992
72867331
494702781
405402281
429786556
669839549
14246648
242173542
866824915
484587133
259709552
7768957
122913705
730659776
380302583
444057275
169534424
984682800
83575235
440776669
239283578
666501229
596612145
124857623
140556839
448095984
822926523
882369892
666561206
228817631
529537106
268850734
752544213
976602778
118333594
991746612
2658185
389772176
21366005
869367086
466898565
17553796
361305981
763733438
339349541
739636788
392253261
950847095
56362072
26765453
264405326
566155211
19900398
269256819
191273174
503310949
182141755
184992529
951541674
990588578
511293230
484392722
698286785
328694492
331397275
528935484
320794595
888518094
272509775
11832139
699625367
849116163
304240658
517924400
561271679
470203002
646567909
568702300
14245404
139178662
345525013
435147332
100715971
992249713
42053655
916510634
707920266
577146501
976099181
40207082
550823970
508919095
138141783
94722713
255238975
114038660
707719426
991793174
844008295
53915905
644867170
823799952
1986032
776736104
420193568
340402130
813097293
943223347
573365545
171625222
126918345
980449774
352168673
102910676
317665736
339878064
459213657
673595686
258114244
846899884
834407746
159043760
569795164
211233718
64597664
900698845
27469930
446491108
420302159
946496427
988171290
753431716
92272289
22889547
570023209
637739669
490216076
698652106
805929140
712323620
206223889
626989855
666401398
20217263
557571807
984816117
628780591
4132083
128906040
71143484
988616429
84475952
981474943
731517630
623935466
201059566
105042612
805521941
302645660
310709936
766027817
287239383
409484532
970925103
499834582
210546764
942955953
817749243
601615286
86029251
39511886
77793493
823672611
114302728
305400844
310889311
291237881
137107958
75623768
7870968
993569562
476735278
670671186
730085191
232820123
306230804
715500162
319119883
18266486
587543304
73594082
813816914
313001822
591416653
980497340
641231375
823531011
961319430
238515666
748910222
600878226
867522240
301760554
911889925
898660074
616934439
476785473
136567196
600347156
931997055
66555028
280394641
511515017
634070666
70225101
827165277
902634686
284890508
64749391
909236991
874069980
178216885
160289029
432337970
92614363
494772559
571880472
534226757
414140429
559567604
872797755
513058863
557776645
31669990
897369862
166660371
186081888
232283319
359768514
425377186
747473093
2470503
431533050
111065458
217448595
219920051
773784041
706497563
183272659
442756186
375177056
324190227
274369441
934661733
153353923
643377525
178235573
39129611
719562528
71335721
507151915
176928286
969447047
335625387
634041349
155842904
377712513
147080838
169556018
154118668
790756357
54837956
941834690
658583699
988077334
933818981
227495911
587049439
139617090
55791399
296375023
699579664
693419939
591014592
637673290
616013925
36605218
956549087
660011096
145688360
601884890
425471727
166167281
969791897
816786952
858821057
897113866
765470180
425802689
219382984
313586646
127417265
325989888
152857169
512551444
643628589
433995990
245533347
321256269
926244355
935485665
373939606
311931112
712783254
931843823
835013263
994200984
696841291
429658655
668362638
300540485
353603136
431493592
916494730
276849282
278673122
546179035
72099554
91508850
32294514
922997786
964023071
386821140
105598470
982694126
928850581
104920570
94139894
455581929
651940485
169364290
902465225
472090829
372911460
156200274
39232143
455528692
51268757
842585413
259069989
65842791
21727071
413940455
158507258
612371669
115425435
378813639
110501438
553376581
298377619
70448851
273103904
636677167
304093282
61837928
450190795
955160747
335008021
846857912
441388100
10876934
929305413
646446790
292380263
834136401
723291474
999314845
270211109
165618958
819165521
945228972
177482437
2369083
242601569
553313074
482118726
918750330
493535920
249298127
728111437
496506458
877516485
926722980
853912690
70040300
869756428
54822759
928742836
636708313
452314158
146638584
177287957
751868606
539521755
310464477
685394200
50345486
677574176
55955520
92391526
607257369
352742231
774178327
29682686
847792969
73505086
976250898
187600775
493380657
661295786
844379869
209256057
964736729
884325178
749165917
115615890
302716602
782278529
981384131
448099110
197477248
629540021
223512453
273093054
554889945
918452218
390832005
156550928
407265135
888630355
227872420
352375477
547492567
629489962
692886781
202163266
882744480
252500303
867786546
881687865
935316891
928775870
915842901
103696134
253881937
487166910
946470410
179455472
513383317
31095912
189276112
345649695
717458678
580934314
720411775
962223354
351836745
157485860
199110893
621512430
20947640
938092163
327797454
456226486
498477960
207499356
255150546
318141502
102569959
392127959
134712394
49382333
311510315
276770122
125044918
498772608
155806515
107316353
955605781
630411181
140258472
509648865
727988061
253891070
564142640
123402842
639235633
936588083
497160747
899112399
617373467
980328014
102644457
591721100
21004461
671118533
689584520
245718449
379461100
891271157
731860092
697067940
312528155
637955203
705334878
749897111
444984816
479801902
223310937
911540768
678044691
803650551
211208920
374420788
664807582
37269665
68612359
636765179
909129433
877462339
279185072
118690063
87629427
397310367
715574747
105881376
629534003
918951932
984055866
627390336
914080398
335687639
433626754
424467365
121154751
793720994
146923549
553044668
347221415
541199262
694361464
564868317
551697325
587339705
861048703
417028515
395123849
379818013
306789462
994324688
659008606
229821398
108084952
206792400
510063376
866205150
331303080
585975780
920620435
34491614
322380690
885372841
668793229
343718341
846061668
610436432
251679448
874736747
124607800
466329876
359464413
111253481
39507263
496258469
706268966
910398189
68691042
618455880
767693129
732019029
466054136
965805578
779675220
979444276
163527814
486794756
375033161
747479426
405176639
212806632
720272353
882316543
773627131
265711413
989750800
409434160
516055542
548661667
491360324
411590214
983046739
579662893
701594323
122086488
590162875
186427916
860316554
654739326
139678891
430802982
550768875
788365288
220093032
31041482
724432777
159875418
937908747
454949762
209338700
909937469
375179632
879465487
940418788
61242671
872969151
536151593
297646145
211350338
944074596
21684105
143229031
929643177
831913907
397540075
257517911
568404416
246273091
844671298
550156143
343472890
882625169
793662925
566387912
190323720
746235723
627763967
828161262
185691838
717352656
694558213
177906426
183126299
428015038
22505671
101262320
287316672
668109459
139999508
822007047
855291927
191396406
296880777
872019479
156987901
489636848
659732732
76606033
138020224
128738331
12828126
749748665
103221044
969387176
497419138
377499718
297839452
816816551
144867071
804665479
373366181
152537964
470988917
799903472
235261476
528803149
953660782
975655747
667377157
767170731
622492088
396030743
925283019
364497175
160691479
273978408
68134511
391351487
85017875
553188011
60082768
320215422
574618940
359418313
585233913
922889543
292429042
304850989
919401651
77209460
689771484
705100547
814488288
25815692
471729652
816115545
629011189
933762229
116500790
363641719
390845619
94257470
768175718
742549442
171518115
277402878
67211320
909129433
672399336
250369427
907038150
51258595
56154980
426475886
477326517
664986860
49685623
544773954
314650504
614914556
581618062
550813996
365788264
373948487
669497529
696192726
737086009
999268952
787429768
654235239
351205205
328015166
926844101
414959566
741382170
21310470
602155708
616380357
140852353
950220158
233278966
758799459
815946386
965685863
269796534
822656868
820174463
186456293
989088801
170964511
947259903
779701424
682558919
97920670
724928091
291874284
841286928
257455082
143938225
115135954
450764932
224211864
295116498
324325695
456889779
948184215
907903981
41237580
464355975
298193
220262534
315586636
867867345
292685444
534678455
133065648
849855703
87462491
103001490
47051723
71088654
350909872
236782000
104741420
381278795
136069230
753360730
28051159
208142504
797683567
910950865
483935077
921253905
712559972
299523366
70713068
743167431
381456284
909201173
120409831
617784103
556038523
789072165
360505028
74762759
720012776
762682418
833539237
960983256
247032547
964055018
120411965
39341765
65395730
292200067
412146430
79597491
933194388
62163575
340371355
350557832
640484565
186839650
529954212
253036400
681523449
876021599
452171929
929383593
712719862
959413428
793447490
51443893
727613725
333727714
641882015
146945319
425482768
34523085
468925509
56547397
949844712
794946538
198925203
929782934
386179939
778874632
671860716
395949344
315353722
165380321
475561689
912246296
455091394
680343724
631401599
63616126
420188540
58166784
906582005
353397051
930263936
71097676
327608344
388397830
930035004
780648914
343164309
255281607
497576501
131993243
708565295
799369570
431969593
781504220
979081260
67539272
99175021
800737391
588302003
297299720
267902139
126032629
443864299
196428512
429578039
340758437
442371857
821742700
105873802
837781467
415449747
779092391
491940204
191168275
581270434
190093910
98207815
106387772
811106964
1077830
433522149
107961670
53276251
213991257
201014792
833959892
936930646
481527337
62286717
928875915
870228418
53092689
73711878
133794695
665285133
657330873
217687413
344629962
463014730
98004054
235115453
71702941
139039061
848848047
249112390
986478755
315205606
114690507
119372593
