17572896
787009368
466903468
351867121
32507843
393831478
226125270
748006871
650366414
692921213
15199434
692941137
179112569
539401256
197035411
841641469
643000505
608898311
639463675
35310572
370085625
26264069
478419821
279191304
163579965
568071261
711629468
868296218
59516969
344603326
877388314
196484300
535742775
399768767
761947118
7016093
612872373
5219446
911040292
362793091
72834383
250483406
59047458
173576865
108999701
114416288
333291414
891308195
794090890
227952162
894416410
454207974
221571888
481059104
875920992
695323502
60540843
504797914
615576732
499435902
116994227
597351042
131804144
980174200
392359727
666109641
475169692
123735218
796130455
293505033
173576865
7614931
128316812
346795754
392405532
805538745
694738798
410697647
903615751
401492163
149094363
893543477
505189712
683032330
379291886
89572705
883089075
242123783
177647833
464155415
429039335
232724357
9583308
60723919
593082585
621123368
459883528
979847536
163668025
592364931
583787226
206733717
473151743
773144953
176399464
781955045
412733037
871397932
970726916
541621688
703970079
47029773
259230965
409513409
435914519
828618233
669927703
384507099
849243423
122782935
969474054
129522240
705973245
13983894
280295037
736306124
994911366
337118934
36610678
299050014
495097941
379291886
350372969
393216116
429064234
490020651
830448716
786832717
370085625
612384920
422466052
114390812
283030913
154339591
330557707
732290391
708443969
656007723
12396325
503906095
981473664
123196726
589405682
323739355
984260745
96868092
594799651
25482103
736367134
907978021
133533628
122011306
934444315
253853888
618367490
753814425
329312683
456865462
493083911
497376585
599723256
17535893
79524392
376940358
540741503
133189773
668568680
601505729
256262852
378311084
691133716
710609439
281339522
18717922
615892413
541093821
281339522
536437938
679910887
383795938
944849995
725125489
645771229
555427748
351018863
122048231
911040292
191454809
615523125
280295037
359182865
329550307
264749069
874836097
101860108
210781493
17572896
849471103
674007615
743637001
11438040
786736341
29036179
874836097
723624102
17492325
642945510
377328407
572882647
68182632
378049697
654688604
669515431
591145882
469613611
578384724
519429735
529401619
562592163
881329635
451985726
839998242
408783217
984835375
46598211
721821336
451534600
984017591
119086155
872985092
786832717
181888127
609683197
879668555
475191198
163488754
736268346
122011306
60603134
302991152
209494850
810059
374301626
869547162
386579369
134236434
103180416
971536776
252805211
940635129
167242421
844210580
299247209
578138365
74281791
49685623
209496520
557222958
27542552
450666714
234602932
125199757
94925989
393216116
3794511
56615876
643412046
434756216
756453733
17572896
238839563
642159676
277858671
155887064
349771866
176615903
757123336
202113420
209580946
408413258
716614448
314933010
279191304
527619768
642974809
281871991
605162023
20997302
835953930
641322332
721465267
444546489
154392883
52332876
695393521
892404795
953558631
193497230
203560068
434612431
891429909
678964112
47029773
958022721
6006932
130471807
286879988
688976699
356952810
716240769
610578838
163668025
977468436
958320638
331456379
658893339
892404795
515929448
381468052
94484870
412733037
687767068
82328828
798985363
732125913
610578838
891371990
40987671
940635129
502958767
494706867
43891783
187580920
545262995
349771866
21888427
249789650
67956773
932987523
518726821
958593448
362793091
82366768
806368066
162803387
470067517
101860108
559791718
60602616
499435902
656365643
687767068
543187498
580279536
602955018
725547208
78739694
639936002
333253725
686642539
544422074
56491931
717457718
642511889
961386775
756215842
776759004
91339158
360007591
216372859
696281461
354336803
120983975
494024975
338579883
282572933
615892413
756607551
482500252
133960191
899249152
767147874
113677502
860135077
192537943
50192190
416746266
640506469
96669061
790429527
78074676
100369018
230074142
54829799
910900638
51047995
95380215
990355186
734886734
442330615
509119078
178810514
312604638
58042535
638320798
318696259
809381080
695393521
63261909
514165776
695862535
549410810
66251617
562512739
816335742
525921886
844358186
147165042
997026263
514629947
911055077
472676189
512536559
535899562
926722980
457369200
359599980
352855633
389079146
771256596
598777506
659264567
487064390
866310430
778493168
630474141
399768767
541490736
831723915
431930768
418223896
953066707
494561088
993984837
701276844
843865884
954496026
966435591
619617363
9257333
580239225
743422445
523751919
734886734
8375093
1113923
752101533
716426214
963458621
43841598
306020606
205186673
382944984
826817986
444922645
651245777
880159802
853180933
179461873
512494022
529157139
239795221
330402707
995935920
413355753
645771229
454910031
881575856
52169114
33513968
66788125
63631549
688988391
903936805
348594037
289113701
659264567
922879926
375358834
179112569
62508541
52169114
269489480
227111552
946134400
929064353
562963284
340486251
403814922
57161646
79139461
240090462
165205766
906243092
719076597
180629553
320016251
75785816
111184630
559714253
263487557
687463596
993391607
664751292
20997302
563681096
661634721
830448716
446498778
962115149
797439494
234602932
309721730
358160281
268707044
440712637
136595110
126715209
811905300
283100151
666746175
558613395
489697010
853693767
291324558
851621494
963652353
11804159
85077267
559791718
951837335
631432960
642511889
959724916
88200654
232373240
408586315
564223799
818068561
253615363
51724775
364649991
99788765
668636182
221681351
822373765
449347757
686931427
871273240
19867240
698887033
510623799
469613611
71283959
299247209
54792856
272478179
860135077
889363718
346927483
486972744
335577359
180618940
875920992
950527826
332103498
204500242
114416288
11438040
440444618
763527230
686718207
615892413
370851668
490849682
369777499
92394308
941598308
609934108
960700088
809544
100294159
890821003
972882842
281666111
437253100
750258622
791204124
572882647
960483350
484247019
764428090
239778353
349263747
99761821
509119078
179112569
793843635
88200654
890821003
270472179
832901329
573867449
41293825
470535255
335732017
460119778
408056084
550277486
140223112
32037540
259677758
546945761
170296974
482846032
841641469
865909273
469430135
121397517
76869123
920334239
524954849
843941146
953066707
756607551
17512475
867123216
847727886
839946662
226727966
86105860
598777506
420041775
453052712
902292178
893906790
516271656
899249152
404080243
102695564
556054334
717999434
442330615
182493303
110287241
33661026
288471024
512536559
773142864
518041483
649243259
103167197
366982597
408056084
88570276
906243092
906292030
51309207
101376054
323611069
510847423
304502452
230986575
221513738
851036793
512536559
615523125
350697718
444286050
606610243
25141346
954496026
248774662
947052291
362793091
558578429
63494154
284174055
857314008
415585218
142539010
669643082
770179874
707527391
21021620
651199716
710232673
149963958
343690841
952097748
546431979
2679693
724364670
56491931
428661579
303576770
398986948
108999701
496629664
602955018
50502961
317159276
173835489
613004692
324494108
129550258
960700088
84460487
592364931
109536774
469942989
272861598
554793850
611224429
841641469
226125270
966788215
578240878
853734842
372332480
649323617
59397839
529157139
68182632
860135077
440444618
429333495
175300951
524954849
173711207
78982116
285631880
55225396
256377927
889363718
725590109
9696889
381254646
557093267
27854350
472817993
103883497
722688329
222726928
880894550
974597526
956969489
43841598
16265002
572125326
393000755
737813551
76541601
798606284
91339158
330904329
17535893
442603434
53788655
351687053
610578838
573084643
674659296
477411629
812831963
271602435
662644505
717160433
112834436
344838019
489908497
942413367
32222940
163668025
105338821
79364718
344310767
35310572
401492163
7016093
867941781
150733032
532195735
95177475
276137779
878477311
191039435
356360575
450668542
608943904
173576865
373259959
404589501
150733032
892404795
607926273
536322852
280838052
228659302
945949990
766624097
462015637
583787226
243551032
183589099
939106453
20822868
524120352
393216116
442095177
472817993
899249152
286879988
878461798
641322332
510623799
249789650
211330211
660813185
675878276
623755849
123196726
816334033
291444726
640306716
56693528
338579883
275658615
893281828
592364931
739340424
143472146
108793928
703194586
6006932
114672039
46346187
116815765
646895846
357722923
965223510
736318150
182456080
930249395
975903155
998749101
807250821
247966121
63261909
442330615
645977736
56384072
204165795
862460662
543637166
753814425
34898439
717999434
817914993
725547208
381938627
570292684
86109198
76347739
884373666
442095177
362609960
295509901
740432361
897407249
562417614
193497230
374422368
665734347
318899234
340825960
376620253
184341122
547731076
524426080
293505033
163579965
764676460
476214101
176581533
3794511
687153612
907154474
668897506
351687053
302402785
414153395
362793091
477929327
535899562
694738798
599415995
225592838
462015637
514753405
440712637
489861125
756295028
759631699
14034708
601913544
309721730
376940358
505189712
297508797
702525242
393000755
778950166
984017591
51309207
487995817
35718461
56693528
335317503
653040627
495929278
792374254
248774662
52038663
893186804
259677758
907232032
402526954
178810514
379499859
663228211
279191304
28638599
554665963
180629553
183313821
271602435
865909273
683739396
759464405
850821637
540741503
30604022
510623799
675164700
451985726
478167874
578003886
411813920
19858129
847405782
853734842
376755270
381797391
286719707
454514793
584425237
378049697
503906095
279578287
313755225
821622986
217403237
958753299
259703842
186817674
499435902
849471103
208334346
719365740
738300303
381986926
136849358
946134400
687767068
890821003
86105860
376940358
238000736
317978722
351687053
921262449
79293444
645977736
297511067
671218883
100610403
172627390
22164239
891308195
21677035
88570276
326251455
857806253
919854381
5020929
168877970
101846791
653000461
42386527
675270669
92394308
518726821
41972357
559386281
413683589
603929605
893281828
843093724
131715316
780846918
50192190
803938437
89159568
732290391
879668555
95380215
136595110
679630653
485663294
903936805
277456442
709043253
878461798
655254025
510623799
806969287
781823532
348704798
756607551
906243092
286719707
152215809
249584722
180618940
450686647
242709631
376940358
723528265
215714766
813864685
540935215
433065094
404080243
876150577
977708836
464155415
21677035
259469811
93656731
58375771
606670571
550069819
918022640
958753299
399272155
2596122
447555577
605248758
180737333
271730870
118461348
119080934
431827482
181888127
54829799
469613611
911040292
378547393
784308341
589405682
904195129
7386437
557093267
642511889
805334325
798985363
279053831
882013235
529401619
632367636
4856348
91339158
762326765
126644458
114556835
369954215
632562969
767147874
176072298
494835919
330346638
103412175
840506041
470535255
658893339
919070430
963226783
553726123
860135077
332103498
902880191
280039794
9257333
263836071
156403301
867921744
493083911
781836716
60137008
732593892
890821003
317159276
820759203
52945960
114208514
853180933
454699530
722140223
988058546
442330615
894379365
280838052
618267033
906243092
20767916
91339158
545427899
675164700
49685623
230074142
730574511
210212823
22992037
50192190
248774662
448640207
63631549
100213003
405980388
323611069
542144821
874675501
6542682
630193206
143472146
358944629
89159568
881117554
103114365
608943904
881866544
276337229
68700886
339244956
374951227
330346638
672167099
239632816
107151706
295930447
881575856
792506369
125858620
362701580
733692429
92506327
876270764
86477014
33877419
653124568
500720478
652661318
86105860
112705314
408999679
665272901
272859885
59397839
439752034
537591784
705868976
411813920
400328831
31562806
840420537
657900497
698751768
227781919
411573776
939106453
962041937
114556835
388536227
823439616
16662222
228280020
286719707
381797391
197965596
366518329
319905025
59047458
847727886
9262289
953066707
101968465
399656665
679800314
65862716
686642539
46837046
532784612
974527033
453841245
707527391
859593186
41693826
839268557
125070642
952533891
207252633
247966121
68700886
779598381
400446385
72017111
721955549
201067219
613478843
651829118
472833233
962115149
335008021
922391159
937886423
585726401
376759632
398053893
294897596
362793091
533447193
134236434
235243135
16662222
24371772
901136748
954496026
537190798
130544592
545157719
439229101
613819135
499120229
739266610
408056084
117397355
893227846
408464447
76956920
351221079
856490157
977468436
990149859
304441826
796130455
657567127
276137779
114416288
690674657
171864072
381468052
52611528
15964575
697055853
11724065
501082897
577409513
589806848
839458851
208334346
762326765
998690126
728048911
55225396
778330295
893708801
291224106
752459631
550277486
314170216
395390798
959170480
860135077
953516289
62647793
145778742
151017364
473717637
506425715
822373765
148081580
377855722
314933010
928260764
777543322
327777991
578384724
415585218
51632534
670345491
489861125
451534600
731023804
167709507
739580932
936514623
182062957
47029773
357388034
640432979
959170480
828165327
599298443
689576488
119080934
41317730
847053585
496445187
138319388
146093070
167242421
133960191
180737333
250675289
433829307
54829799
743422445
766098516
30014897
962097708
491431837
642507145
254117062
510623799
589405682
438086873
210212823
781955045
533770488
242374479
267011567
771256596
550137168
412733037
350368950
712128331
362793091
108999701
399768767
472817993
297508797
337118934
712323620
965223510
150936041
531598711
654069055
810069044
318943487
513353483
581747985
939106453
559587201
853734842
473151743
927057415
381062573
131978937
35359236
230852288
666746175
101436317
987963003
878323612
688628336
712323620
286879988
111926816
30014897
536322852
637289109
17572896
176346330
286719707
48580341
238146196
33285125
759683966
920054591
755465865
778534400
123776838
460119778
333291414
692921213
41972357
430340728
280499247
159128217
516350222
782217139
23281343
651829118
893092300
633681947
511223662
709043253
610578838
541093821
782292027
709043253
33877419
556624388
782217139
965223510
977468436
665940159
644434111
470704414
176828022
128365143
399659205
303199883
209295658
174848487
541612660
606670571
739304725
336369755
300205839
786832717
482500252
400328831
631432960
194141490
427052999
489268619
65183889
24088573
847436573
195118825
171864072
271014314
522420133
901136748
377065932
168462016
847299346
805618815
862635616
491431837
133960191
828909141
468973208
167709507
835288370
241036709
593693544
140611707
215223918
103724849
19842409
803764757
180629553
7665635
247946989
277456442
252904593
593164390
34630457
134097813
840743631
140513423
812473963
860729403
212590899
349771866
841641469
439229101
144414697
826845051
69620367
31094465
970726916
752275801
125226034
732290391
10389647
798017473
272861598
881866544
214347697
781955045
291224106
809475159
786832717
52945960
17853346
41941995
78739694
91676178
149094363
72834383
765721246
49685623
131925610
63261909
700790813
60137008
232993898
249479553
502340148
966384846
51450994
579103444
101376054
368048399
949696069
7016093
816846021
533447193
152580052
882973964
943707579
809383859
707187293
984884714
526390254
230593679
596870177
658238445
276476485
296971872
174416234
25803002
792025288
214335618
289729780
230986575
996537334
64940625
238000736
289493531
140223112
502340148
663914814
59397839
66822628
515929448
782292027
922967007
793451328
381468052
342862021
318899234
398599724
351618694
824775626
6542682
312604638
849471103
734886734
633815521
587726160
59413784
179112569
777543322
20970475
962097708
653124568
415787804
320016251
939106453
893078419
286879988
537548175
909211732
160460330
572064440
589405682
274438842
892290686
107271843
89159568
703194586
608402562
125199757
549207080
789077854
561635277
596870177
877728665
659264567
311472624
513353483
847727886
589806848
458274443
849471103
822373330
55225396
356513984
150733032
920334239
130603917
133960191
7618371
363030872
133960191
601567628
201324238
308604141
452801351
425155207
54398660
125199757
841258873
773827647
96290839
103114365
286222075
860135077
839268557
599780482
960552209
437498344
67184770
506344414
360601863
138276602
92394308
841641469
961335214
484052570
492468199
279191304
179112569
338579883
778534400
179112569
52169114
452140571
431827482
761823108
267652137
771447929
533770488
969474054
95602205
355073419
917411179
743089163
616673099
66098879
572882647
944618732
29939354
619642563
877037356
91259363
41941995
205429505
832719781
109059340
503906095
910695394
963027917
473151743
191151719
564223799
699560600
862635616
292504795
771256596
899249152
625343601
109536774
723513354
126644458
174623533
193374954
851952119
176346330
28040520
182493303
286222075
201037319
555951539
307552041
960700088
373732549
146325959
412733037
550873589
853180933
95380215
545842513
259595206
309236044
314170216
901136748
516350222
657734046
314170216
994507864
329916715
705543199
96296573
182493303
518726821
695393521
66098879
333074686
977468436
877604741
291224106
381468052
31612955
764676460
177501350
11923365
65782391
752459631
533988210
372851307
171035632
371603820
296839170
140611707
435483734
110287241
93847754
907978021
47587186
612872373
9257333
167242421
613112019
166937561
113677502
525921886
393216116
655645046
685875810
351687053
252223110
707806073
489908497
494706867
377328407
797988497
46598211
119592272
675308890
198796852
959170480
979745020
132754404
50192190
106897789
551562014
45996793
971870843
96290839
657734046
226125270
538661348
738300303
724364670
18705161
24189925
472234227
128365143
274073953
127641650
495172641
393831478
852404811
22164239
958753299
954496026
450744275
67184770
463230298
35310572
948398118
826845051
270403673
382563264
211405019
821216825
125606510
133960191
776010503
651839647
14520687
885627952
975524678
180287462
381797391
183589099
159128217
429220511
263836071
995935920
467641770
935349871
88881594
473018328
163579965
286719707
201037319
655645046
489908497
665940159
721821336
999214108
913832028
391109509
381468052
476824763
14002915
632106524
436594211
252275151
330346638
309721730
139483355
114993411
860135077
41566534
991936471
970726916
590011675
71493992
122156658
688998450
901419997
925732687
99653198
202034123
181888127
174529940
680484753
667994519
85091622
236243435
649243259
278522145
437374695
234955722
35359236
976285834
21523250
520414850
280838052
95256740
935185431
3095213
912338956
781955045
800705075
581254639
439229101
596561172
182062957
366518329
52773780
987636617
186058302
878461798
548016123
316638390
253853888
450220568
150043368
351768384
26264069
420449691
712323620
370467911
242081462
259230965
794090890
137873357
198700083
909211732
962655348
807652655
263836071
588464436
827458451
738018679
855772104
36599583
695944142
559632026
291224106
890726773
351867121
512536559
21614527
451985726
114416288
705984607
13703764
93656731
399272155
692921213
293516304
223071159
289493531
509119078
125436180
869847599
550277486
295916163
64384000
32098727
626724931
221377600
688628336
699267230
971870843
314933010
753814425
370467911
818331098
415585218
732569275
323611069
34630457
11724065
524954849
665611264
864585304
906176522
487745312
348594037
145731581
99930462
10613950
406983912
496629664
891371990
414416229
798606284
315064550
172298738
866988663
935349871
982292958
400446385
736135950
596561172
204528931
652810461
376940358
782217139
824368435
328347244
961449108
857059332
375358834
518726821
963458621
381797391
230389539
515781663
