315467840
828918808
320445871
871285157
737239561
980628006
134236434
147298603
470535255
37379408
488147904
639027258
916196695
536322852
872629500
234634242
479774312
95177475
33323443
50505994
813009610
6006932
478791042
594799651
277456442
40049242
272859885
228642200
643000505
223863483
348476687
207547906
822049998
139617955
598166761
958593448
380269344
415500980
63261909
847727886
864587886
442095177
121806036
18160559
477844370
757398959
379598842
655995740
473598475
653497859
295179946
51188259
145731581
268707044
730553263
536437938
171864072
43891783
890936577
114672039
108689776
458810
95660681
316391589
910945550
801682338
535455686
526390254
909129433
7041655
496879631
206385482
568171558
660776824
515701751
63631549
525656878
751939593
988058546
559791718
355551636
619962121
990569005
144645478
330203236
315847123
764943971
107151706
710930228
565031252
199788754
786116724
912191528
110847199
381797391
981338533
645971584
995960132
589806848
696922914
96281977
519161778
618367490
522420133
766624097
207758037
318696259
525641750
703194586
179461873
183313821
896153128
999308927
187197577
674007615
26264069
934221739
28815438
814799984
945212220
383485041
437609834
661045804
482203891
191454809
118020011
41972357
46598211
927887456
717458678
433207072
115723884
224896954
578384724
486767811
125858620
424496790
553542163
954496026
443361743
145778742
619587859
550873589
158393950
352775628
87149170
299050014
376887280
700534809
764676460
606058526
438916833
96290839
541621688
453841245
248774662
437498344
351867121
381215767
454766390
74458426
144818377
986298590
182865370
398344025
881713259
760820764
442330615
915219520
307160747
967964250
66788125
32855250
120019785
224965700
279947464
46346187
722301478
883866360
756614077
635206213
674659296
135178786
54520471
672231762
107847801
964577832
814467798
757160710
941038731
444778851
616658901
166779041
305474537
378049697
783092109
7541112
276648189
771256596
486782166
24009840
369954215
35359236
226727966
35310572
511698415
240128256
171864072
703724915
88229945
734018400
979290462
703970079
570300920
15599116
223071159
406940319
795772695
524856137
958593448
953516289
177531697
525877959
481959074
881876572
286719707
535455686
659995764
670018367
982405991
501075015
827172960
83648441
178810514
679738922
777038956
61798941
392359727
965216999
801988824
512053343
122048231
33655381
812843491
29286773
319610948
850594219
469959517
541621688
122048231
35994258
767147874
713925546
384577353
547510213
59413784
221973389
663344133
785684558
469942989
299010068
885108619
434153726
725547208
966384846
364109156
565052121
814819008
280485971
736367134
866993000
585709293
62096617
891308195
489861125
32037540
489908497
926765407
281596579
149963958
519490052
878192486
21523250
386379049
705708702
104397003
812843491
558028797
50192190
598262025
114416288
709486316
513353483
69979073
372648135
440444618
393216116
309406407
171035632
872623378
348559367
503171243
757160710
199788877
564086031
535899562
639057226
793427940
683739396
962115149
67436924
896249180
849471103
476317524
469942989
47029773
568502749
422237311
154392883
186329538
31735166
142620606
533770488
421538256
814291967
963802013
958711618
281871991
717999434
39602027
710040224
856837979
755348909
734018400
400328831
861770042
475191198
569228458
809868910
212582967
885627952
958593448
954496026
539984302
777543322
701141804
102731471
4722801
211213786
295397412
963050649
12094303
895082242
919854381
852959510
314907563
101613359
877728665
174920017
818827036
456738607
804998482
376940358
78568536
928193994
657992207
385154480
506864606
412111768
737813551
821815669
350397626
991128625
268707044
142793673
199348964
18131166
107847801
396413340
208334346
208818391
52038663
771447929
123435754
711173202
515929448
554409945
736306751
612872373
318151027
655770893
746794579
375358834
839268557
440712637
77103990
31562806
520800975
830448716
484052570
977493258
870615427
467352885
914239810
879788638
786116724
945582981
773123364
157573012
279246705
450220568
382563264
912191528
14698528
752050928
408464447
741349695
421193048
502329969
777127596
432072118
43584886
809807418
443747047
687755058
677148116
829041332
343814927
244228337
251697840
226232854
878270317
293304874
452622347
945373859
790122177
106681433
16128320
243532437
830718755
94925989
512643212
777543322
378311084
745209585
902057663
388536227
520800975
140310157
172298738
579570646
930292869
832528635
966604513
37755908
856311115
18024600
154029840
294897596
113677502
554793850
654267172
299010068
252904593
464643094
847710973
756783863
761018343
535936870
234751593
932548210
721789322
430358333
249479553
963652353
838049963
561272655
235243135
450208799
540741503
486310284
4507364
983271684
717458678
382911374
331783472
562988296
670852210
24595938
555951539
723296246
902057663
365308883
441973823
494194836
393114217
816180616
412374702
399975350
453562232
140842104
746492766
245283294
296614507
638729826
722736613
953066707
93656731
467467188
920334239
550873589
330346638
730525928
602955018
446498778
682693185
936224157
188663263
308290947
757332287
13740720
750631010
890821003
572138353
150275838
478446034
786953267
996797342
113977355
813478111
662644505
437262575
710062716
704775168
342450924
283998913
309721730
350528904
552035956
523700432
373732549
513353483
503906095
334851741
850821637
179074066
292274669
773144953
891308195
469942989
659011614
656346217
811846567
563681096
605162023
685875810
362906612
638320798
537103126
118267342
325046985
130622757
219069791
689025524
29891581
20793690
862974248
123196726
91030989
657734046
515699833
348269824
563681096
412733037
139646307
112038571
642610318
926637770
304830094
256764279
89748373
370099900
578818055
618926444
102261173
64101544
106681433
837188640
140010717
438145841
109934649
185154519
906294728
1094282
348594037
504870914
297165785
178074174
909211732
864207531
653040627
881587445
128805870
854220614
439304181
408056084
469142099
690597023
318899234
17572896
958593448
600643528
794399881
3325375
473777358
939106453
683192371
592364931
235278582
386379049
50192190
313830361
210977537
979776589
572446965
615523125
590836166
335317503
844210580
138319388
294897596
118785710
336199926
880434149
365629729
881587445
155428989
981967253
21614527
842146051
444921853
583787226
199303119
34723084
743068219
666746175
146640321
445792833
75190050
473018328
5920357
469430135
663649378
686002037
573104318
853734842
140611707
158568104
205186673
670073077
677061796
770031658
59397839
287398809
183688163
215164163
962137896
58053910
828397800
671741211
207029431
801988824
438086873
966057294
632231879
999671903
46170653
238839563
95852677
354697559
444114829
398986948
803668503
348524947
451985726
680823751
804200565
992193632
393831478
707527391
517408993
609050139
640306716
191454809
165380476
983866011
757698252
451985726
905439910
704108431
473604707
941764068
757737965
388037042
674668081
958753299
806368066
209496520
6542682
189384957
196266867
9257333
710218538
161856782
11740638
773142864
313043634
272859885
743239921
964381385
229751139
796130455
656369690
72834383
479786188
530478010
187521851
348594037
146906233
92203691
338579883
505920777
734711850
860135077
314078053
671324968
264424403
159128217
503699197
641571922
371603820
101436317
239795221
383485041
583787226
873604598
4149045
787957090
629749053
829041332
91876836
252904593
172843200
816334033
953088079
649243259
842453665
891371990
352871554
885002170
497376585
383795938
451534600
852697221
381062573
991148745
23641201
598797644
24088573
963001608
398490541
809304283
713562032
962115149
638320798
227781919
208334346
125219352
722514464
307425766
504202736
357218336
333291414
664907615
699219141
859216876
999399774
392112900
480396950
318899234
495929278
188663263
794090890
655721424
420720740
89764218
910695394
743224065
294169153
140611707
376670507
936413743
69620367
460544464
377576525
440712637
858129442
130880787
973920644
686931427
195051222
250711112
178539343
498298896
586461008
931648371
917898677
221124810
33886547
873297958
882973964
742169566
487910144
654763984
696521151
911204743
533447193
188663263
904195129
766960618
989460154
74458426
378311084
224430124
651829118
227781919
123435754
88570276
249479553
982729866
445309665
602955018
30300371
869751708
120983975
412733037
413529110
499629829
50329123
429333495
725125489
856945726
669674356
171864072
723284306
208238964
513551444
249584722
684431694
408056084
188663263
654140730
348531495
224747132
135847299
273786986
24319467
570860638
136088529
820445094
462837894
667104287
767147874
881117554
238015674
399326524
280039794
91105807
890642904
736318150
242658591
258431791
47713776
354707898
730574511
506717178
388742758
510493780
3794511
23284953
645771229
393574998
215303318
890642904
606670571
777543322
800101744
967917468
308355623
981783717
841258873
874649338
669798378
474462869
871969732
39208662
144301554
965834330
365416213
911204743
729113198
984017591
458274443
715981744
182493303
445792833
445363284
74458426
706056461
71268320
867094847
923381519
281871991
129522240
998749101
422473622
62842715
469183365
892463163
860532130
350372969
605162023
859593186
839268557
104996575
602658089
73917300
327829595
86537411
106387505
513353483
75190050
148440635
959513635
446665896
125335666
853693767
672569822
449999996
332103498
242374479
820913199
285010136
652810461
193534254
926722980
214942185
210037062
257076047
710072659
470704414
928193994
227781919
318696259
8375093
963652353
411299577
866310430
557413816
105928513
494027148
839946662
190107421
172298738
566165897
631493573
15355443
934521339
378311084
326944438
470488614
612467690
999214108
404017650
495097941
968873679
294897596
343470958
278143710
235753131
336277905
573139660
461121811
703194586
138319388
372085281
524100418
592352251
286719707
953858966
703832983
180629553
501012280
657734046
100232446
241217443
238369442
926898097
885627952
437064574
925635066
911713462
515212161
827069827
316391589
12838869
155113791
874675501
59047458
351441863
381604656
36611785
324363803
199274813
453841245
906289130
97272712
472817993
378225410
147165042
214403572
91339158
400328831
145183898
21282844
159128217
21888427
57161646
280295037
794477403
156097120
120983975
20997302
86105860
578332822
810834283
293516304
128790555
643180142
42928653
107151706
971870843
889363718
252904593
923861972
197500132
247966121
426283464
879668555
694738798
210977537
537548175
88200654
911028847
205186673
85710013
240945208
125606510
679630653
966840908
645771229
853693767
727637627
569530020
868241168
293516304
873914306
47861765
829041332
32613447
569530020
780705262
683151080
181623255
46581685
138189215
76869123
694189946
666746175
180029822
949154553
722670023
214750934
953865022
505782626
707513045
279184268
299050014
679981065
838041604
501880959
751002899
700790813
369954215
216013903
100213003
822373765
30014897
244881795
269406871
962115149
273786986
338233684
779760779
595359834
906243092
179461873
263836071
465106171
263836071
800585679
408464447
511965396
30300371
49813887
248809290
701219850
247422513
615576732
428363573
460544464
851952119
318125556
73107950
109536774
240031333
589405682
523518956
981932022
741409242
303444271
109162707
789979716
327387554
923446937
777445313
705949252
118746164
958753299
760507766
862635616
81740883
563340326
566556067
360961744
649739668
350372969
564882562
980174200
103167197
569530020
857488102
709740953
46082280
965834330
802407741
849234864
703832983
631432960
496506370
60540843
637120437
366158301
39178698
928892443
650060815
79139461
702585138
793892444
895261039
923861972
277008539
589806848
181695239
642945510
17509854
711457629
745823437
767147874
334412001
271602435
742005304
9583308
244228337
818800754
280140543
757160710
503268102
209496520
237180208
279191304
960220345
314079187
29939354
236230312
280838052
697171318
81153512
822696362
911204743
610578838
383485041
753177733
578138365
877037356
789938549
412231343
382944984
908361990
936108973
253853888
374951227
133960191
377961797
989255204
333158449
122415390
208614296
5030162
86105860
576095551
707187293
41588686
318899234
233446070
416021319
516350222
589405682
363122533
449270106
683739396
726336340
371212629
182493303
710560986
26930896
675878276
868296218
28437296
861693641
757497028
416195397
362793091
602434378
688068638
493875401
729699301
649382218
639351294
654069055
508020249
393802131
5473240
32810591
75166248
564223799
366937189
647114245
963458621
829693038
401421542
360601863
726115474
496629664
743516968
162221745
537528441
685875810
114556835
824381190
917230505
874675501
404589501
898737410
130284224
533447193
114556835
517560858
400339087
534835304
176103681
228280020
63336842
630107893
279191304
725125489
846647776
828137517
596561172
275302160
97758696
837763543
20324308
581139812
235243135
578138365
719403135
374113675
733556176
362793091
262687146
286222075
61942445
75190050
435838914
927887456
38377628
509119078
70838035
354582056
50192190
930304884
197152620
602658089
389322372
553883144
215714766
642690249
374735153
101303700
263749617
998749101
666945592
891308195
326251455
520784411
755580749
68700886
992756858
7367635
376670507
280143817
819304488
262238460
450220568
479699651
687153612
188726496
114556835
106460790
388536227
166162116
997360347
202230607
937734941
700790813
505189712
880372282
122675360
71337166
83865518
690653155
854628601
503906095
57506373
677128563
345330036
86105860
305499802
960700088
841641469
228659302
794700177
441917132
812650677
937554802
924027359
495588986
454353887
230074142
501880959
322454182
965834330
502340148
673623775
450220568
77768271
535455686
688988391
927707621
925753896
632144280
81532795
296627736
961386775
985908159
564924536
794380470
990348050
14698528
125606510
115935577
889184403
290618752
775304376
707527391
322614903
756607551
861770042
75054785
403450027
781836716
376670507
913020330
587337623
320016251
228280020
891371990
623854658
965223510
753814425
897100064
717999434
466253246
421117171
557093267
928193994
17278629
9033948
521778883
35101155
37623659
811576162
742677624
731369878
179281676
100041751
778493168
688674229
984438036
11226857
482500252
564223799
66098879
446315348
112038571
247966121
349449657
220643746
868296218
578138365
23034938
844358186
123280763
776929249
29497915
19858129
861693641
757901297
60481978
629199926
11638250
416446378
551184522
738943749
516521980
906215277
968429987
336327202
703832983
354776906
600846215
263111127
93703495
927707621
667967358
481293909
624262881
466410609
190463316
612872373
713058098
517392908
588464436
773017498
824368435
382631425
543100671
674749138
623192800
689025524
7016093
16794404
144645478
83468693
97168357
526390254
400328831
21888427
1059776
693197438
6715753
501529242
994223095
680480967
844358186
95683433
473717637
773085023
560366627
945949990
900632094
122879803
31562806
625118431
297511067
797573310
209473903
276999902
206896312
80238786
857986169
451985726
458519649
377810668
455531877
869547162
406678516
388376155
751002899
7741399
909129433
348239644
854216061
859447762
919854381
351882361
330346638
838541904
110287241
35310572
713646110
826845051
62351490
173576865
810990310
120544499
402085850
56491931
930147859
999214108
290598897
610578838
379291886
140483293
79139461
108969627
164188198
638255548
445043712
647437202
46346187
782692754
533770488
227781919
123196726
719399822
369954215
685626413
963652353
88447942
853734842
9257333
191454809
47029773
944618732
688988391
255339984
536437938
854069493
871482533
816334033
49685623
950100747
77402434
16662222
668196603
148879129
313023565
249789650
786116724
982661400
116849946
8293185
78074676
326179603
323840239
392191636
909129433
863104690
338803061
294546764
790506968
79139461
110912871
106681433
649243259
43023806
304484970
800101744
297820122
795286519
161506244
400181828
41941995
719644752
400489144
726317982
149023152
377576525
954496026
442382753
984388993
179461873
61051872
333335002
734018400
795286519
868907568
30014897
700887005
932797200
977468436
437498344
473717637
343176993
734886734
267718243
569659945
35691739
163640503
374556610
557093267
442330615
756607551
352967887
25158588
5918452
78739694
654260296
217875897
596078952
389078836
258056680
25875932
491875047
849471103
653124568
135166081
773256685
186778496
249479553
641805292
911041499
860628344
101918196
591313925
408464447
87145906
76298939
428825975
175883077
228659302
134932749
406575459
794771788
563681937
658742155
286222075
735352408
151382627
633459119
33264361
388193583
880430314
126715209
736318150
985629805
337118934
901136748
550873589
460544464
467467188
186054649
945218995
116849946
697017315
251256833
243441220
879088423
545474939
755094666
980116123
904195129
21523250
612467690
542650121
315802036
975674654
30300371
227111552
689692381
841641469
907928691
54829799
537199917
114672039
626356776
227624028
733259512
945949990
309721730
959170480
168542365
126607405
70448189
654069055
299898160
51411114
49813887
734044829
675487022
371077842
756659847
101436317
455347365
589405682
194656950
818167595
830054761
259090494
144636454
943707579
935416417
966422956
101226668
821815669
110035819
793230713
192065314
510871246
748776485
808167572
681812926
80338334
173576865
763426531
643000505
893543477
422813650
273786986
119383436
58546115
827263003
311380672
335513938
647396344
935269191
486615735
985629805
928193994
505260102
843003790
38890432
594001230
723488735
531773369
56693528
125606510
144645478
285589864
303820973
408999679
470896861
125606510
99295418
385187921
275159635
309297142
926637770
231599034
936245115
494706867
89159568
736790159
235243135
357169495
214557624
52410152
801731918
63813385
844358186
501012280
912286497
442603434
750698223
30475131
675198383
673617485
362411920
29036179
50694106
129068430
554409945
326003869
473604707
76347739
523728160
865825107
632658690
853693767
351687053
537688979
775304376
373007693
462015637
148941667
909537510
409884494
65930978
309721730
651829118
790487280
163579965
181888127
78219365
378311084
634646842
828137517
272861598
881117554
309198395
238839563
796531884
51155806
765770945
557417633
911658638
212230723
392942800
88200654
338283123
785929355
186054649
709582764
454766974
596632488
119253528
421704276
189506564
601104844
992097082
381062573
131142001
469942989
115847913
572032410
367289232
125199757
66451490
853866167
250212140
293812438
883307404
753260530
479514751
145183898
274706299
429039335
773490277
281871991
83287246
221216304
510871246
424904163
557642802
191593415
874232200
281230972
911055077
736257148
588464436
553955754
50767100
330346638
250530550
103114365
859072659
776929249
512578714
96816055
875480577
293564054
881866544
974777488
227430158
110615437
446498778
471588191
106681550
443158677
46844236
460096792
160958802
272861598
724178497
903257988
618517192
214750934
720737483
133448246
922264667
191940562
899249152
523274619
164995994
520800975
762524600
37620921
978776461
619677269
848294783
456738607
733045483
61727067
710040224
803118143
881713259
447924312
654210248
100908835
973304302
764607547
207951875
880430314
796174065
118461348
776929249
253921468
479617566
88200654
355952023
310508696
625003825
360458970
586578159
950143207
683105920
20641847
791475081
170870520
47660811
476844735
820992440
120983975
830752779
920334239
701538165
262338903
330402707
537548175
489861125
692921213
953516289
682226172
262696883
67559031
777177505
135420374
251226034
31665429
923861972
129354481
111892343
240796340
812843491
354417882
11438040
433207072
886220196
335008021
209473903
599440177
94661381
476350080
59951113
211580004
35359236
777767138
92049032
