946134400
874649338
794380470
960700088
993984837
945218995
732290391
65930978
94925989
780437020
76298939
383485041
596870177
125226034
796130455
137219344
32037540
606610243
414416229
821622986
249789650
409884494
68700886
9583308
821216825
420041775
878461798
926722980
625118431
464155415
431827482
145684145
902057663
806969287
9262289
621123368
188663263
860135077
209494850
140611707
437498344
478446034
235243135
906243092
184932848
642974809
501075015
377576525
796183674
806969287
193534254
700790813
973304302
442603434
67184770
612872373
180618940
541621688
129550258
294897596
323611069
510623799
586578159
52169114
293516304
103167197
923861972
165205766
126644458
256262852
542650121
4856348
446498778
86477014
669927703
122011306
537548175
82417967
225592838
67436924
78739694
317159276
256262852
61242671
379291886
641322332
798606284
263836071
253853888
279184268
881587445
869206914
738300303
667104287
183589099
489861125
903742403
902057663
378311084
107151706
885627952
473717637
623854658
881866544
43841598
958753299
685875810
69620367
209494850
613281668
923861972
399975350
323611069
110287241
52945960
965216999
674007615
272478179
400328831
103114365
703970079
743422445
473151743
939106453
449347757
928193994
443158677
869206914
572125326
20997302
101860108
351867121
351687053
564223799
178813573
764676460
294897596
179461873
376940358
713646110
804200565
903742403
293505033
43023806
137219344
649243259
228659302
746794579
333291414
178810514
881575856
382563264
985629805
770409587
467467188
6542682
822373765
802348052
780437020
973304302
499435902
586578159
314933010
74458426
800705075
171035632
564223799
82328828
756607551
441057560
469388855
501075015
927887456
910945550
683739396
476844735
778330295
697055853
159128217
594799651
984884714
580279536
335634387
400910122
180629553
821815669
149094363
642511889
94484870
907978021
183313821
589405682
43023806
93656731
230986575
590011675
274438842
8375093
46598211
126644458
637120437
56491931
725547208
348594037
657900497
299247209
456738607
408999679
971870843
93656731
865825107
890642904
431827482
274438842
689025524
18024600
473151743
108999701
984884714
782217139
54829799
991128625
11438040
496506370
450809110
717999434
281871991
9262289
460544464
645771229
19858129
572882647
106460790
640306716
335008021
22164239
752459631
307552041
29497915
36599583
431827482
303576770
259677758
56693528
615892413
710560986
333291414
472833233
589806848
214750934
23281343
408783217
877037356
17025425
670018367
138319388
717458678
593082585
524954849
335317503
841258873
36610678
226727966
909211732
746694441
667104287
717999434
381062573
128365143
299050014
9257333
125199757
49813887
925763250
155428989
462015637
645771229
515929448
688988391
572125326
562963284
874675501
770409587
63261909
112834436
716426214
853180933
658893339
522420133
307160747
293516304
436100842
944618732
259677758
775304376
382944984
533770488
538129466
995935920
208334346
275159635
106460790
193374954
509119078
11438040
35359236
965223510
928260764
605162023
225592838
227781919
277456442
659151964
112433216
82328828
773123364
853848917
123196726
596561172
201037319
602511920
529157139
228021285
701130340
478446034
494560632
272861598
828618233
464155415
869547162
16265002
743422445
971870843
606670571
215114067
350372969
659151964
573084643
414416229
569530020
398836609
903742403
382944984
970726916
214750934
50192190
875803094
439876883
451534600
529157139
163579965
212230723
645977736
17025425
76298939
154392883
495929278
945949990
351687053
675164700
91339158
588464436
431827482
123435754
801392945
3259339
416021319
813012232
187580920
891308195
294897596
5920357
59326948
4576744
36599583
155428989
683739396
78074676
409884494
140842104
963050649
862635616
143472146
642945510
366982597
749346764
771256596
899249152
377576525
707527391
491431837
564338578
903936805
622137608
665940159
786116724
137219344
874675501
703832983
29036179
314170216
333074686
381468052
496629664
373732549
902057663
184932848
140611707
697055853
625118431
806969287
524954849
695393521
333291414
434756216
281871991
840506041
489861125
697055853
858260569
536437938
943707579
853734842
881713259
398986948
610578838
926637770
377328407
421117171
793843635
408783217
450809110
928193994
167502842
55225396
970726916
350397626
171035632
644108883
746694441
970726916
875803094
909129433
33513968
212230723
705435226
273978408
497376585
342578626
412733037
874675501
126644458
6006932
314933010
94925989
86011402
215714766
212230723
408999679
541621688
965216999
907978021
970726916
376670507
183589099
40443247
4856348
565052121
907978021
442603434
642945510
536437938
205186673
911055077
669927703
494706867
113677502
733045483
471404576
836207461
86011402
75190050
801988824
30014897
138319388
201324238
927707621
460544464
330346638
446498778
271602435
408464447
652810461
949696069
381797391
525921886
173576865
52410152
46346187
33513968
970726916
598166761
625003825
307552041
847436573
495588986
485663294
89159568
78074676
103167197
386379049
350372969
736135950
505189712
108969627
354417882
562512739
227781919
24088573
254117062
777170074
399768767
280838052
318899234
606670571
67436924
904195129
382563264
435025782
689025524
469430135
927707621
174623533
599298443
95380215
291444726
46346187
335008021
338579883
30014897
94925989
29939354
962097708
420041775
829041332
146325959
86105860
131925610
399768767
766624097
348594037
351867121
136595110
172298738
679630653
247966121
623593329
115847913
122048231
159128217
641322332
968873679
125219352
877728665
797625303
445792833
703194586
794380470
473151743
469942989
415585218
66788125
493083911
589405682
106460790
694738798
268707044
191454809
692921213
76869123
939106453
533770488
778950166
777177505
820913199
470535255
95177475
705868976
349771866
653000461
393216116
123735218
489178657
983010749
550277486
335634387
46346187
738300303
737855176
625118431
74458426
826845051
57046868
694738798
9257333
66788125
778534400
736367134
882973964
89748373
662068074
140611707
56491931
383485041
378311084
114556835
776929249
496506370
816334033
187580920
80999241
335634387
849471103
797625303
960700088
188663263
69979073
101860108
456738607
335317503
999214108
94925989
195118825
606670571
106460790
451985726
333158449
736306124
844210580
19858129
687767068
305463375
299247209
286222075
228280020
101846791
411813920
96296573
106460790
125606510
583787226
280838052
21523250
86477014
460119778
163579965
679814620
453052712
286719707
610578838
793451328
439229101
993984837
866310430
99653198
736135950
737855176
861693641
82417967
713646110
879088423
949696069
50192190
589806848
550050020
144645478
180618940
927887456
963027917
376670507
516350222
512453242
657900497
857314008
155428989
874649338
721821336
35359236
20970475
495929278
275159635
493083911
420041775
965834330
11438040
46346187
495929278
798606284
443158677
683151080
150733032
89159568
247966121
583787226
476844735
970726916
928260764
992193632
176346330
826845051
399975350
445792833
602511920
333291414
59047458
623854658
679630653
337576503
125226034
295191139
238000736
239795221
896249180
78074676
757160710
564338578
865909273
674007615
874836097
252275151
658893339
442603434
129522240
214335618
990569005
307552041
725125489
512494022
919749637
853734842
851952119
180618940
280295037
69620367
796183674
57046868
881587445
126644458
34723084
703832983
723488735
644108883
881117554
946134400
182493303
984884714
163967331
275159635
131925610
215714766
47029773
806368066
323840239
591507979
892404795
801731918
605162023
875920992
430340728
443158677
684224861
801988824
72834383
15199434
377328407
373007693
649243259
34630457
239795221
65930978
650366414
247966121
893543477
20970475
686931427
145183898
963027917
110287241
66098879
703970079
503906095
928193994
923861972
78739694
303576770
30300371
416021319
679630653
377328407
724364670
17535893
400446385
107847801
318899234
645771229
580279536
177501350
710560986
371603820
106460790
712323620
687153612
34723084
988058546
276137779
701219850
471404576
456738607
388536227
116815765
840506041
88570276
983010749
100213003
108999701
935349871
820913199
776929249
303576770
881587445
51309207
440444618
66788125
902057663
925763250
37379408
437498344
977468436
542650121
607926273
272478179
351882361
208334346
652810461
562512739
137219344
776468400
686642539
299247209
705868976
820759203
550050020
252904593
736135950
485663294
259677758
244228337
404589501
289788069
782217139
318696259
932410776
963458621
780705262
155113791
163967331
701219850
342578626
88200654
399768767
730574511
757160710
540741503
640910132
125199757
19252071
510623799
68182632
509112312
330346638
128365143
17025425
798606284
707187293
295191139
912191528
408999679
473604707
752459631
408783217
928193994
550277486
494560632
281871991
383485041
920334239
829041332
176399464
780437020
76298939
79139461
733045483
927887456
475343095
652810461
958753299
442330615
906243092
550277486
848042164
963027917
268707044
756607551
376620253
777177505
922910698
211405019
214897243
596561172
43891783
349771866
140842104
252275151
252275151
525921886
710040224
235985299
241036709
443158677
703194586
123196726
535455686
965834330
694738798
497376585
148311710
699267230
304441826
618473886
377328407
273786986
126715209
850821637
307552041
606670571
149094363
472833233
34723084
841641469
201324238
985629805
371603820
747443291
307552041
281871991
554409945
826845051
736306124
865825107
975889773
408056084
509119078
248774662
698751768
167502842
968873679
374951227
801392945
181888127
263836071
259230965
564223799
95380215
965834330
689576488
830448716
4856348
67436924
101860108
9583308
320016251
106460790
17025425
131925610
318899234
212230723
687767068
181888127
103167197
125219352
866310430
606670571
29939354
33323443
610578838
949696069
78074676
299247209
874649338
91339158
33661026
892404795
94484870
776468400
688628336
238000736
692921213
710040224
501075015
890821003
281614044
889363718
621123368
49813887
295191139
163668025
76869123
780705262
878461798
565052121
12838869
438086873
401492163
17535893
445792833
392191636
623854658
439229101
640306716
252904593
644108883
6542682
893281828
850821637
36610678
501012280
89159568
469613611
840506041
314933010
5920357
963027917
725125489
191454809
20970475
586578159
128365143
732290391
279191304
360601863
642974809
221513738
116815765
20641847
794090890
542650121
473604707
590011675
688988391
927887456
991128625
701130340
415585218
4576744
36610678
816334033
524954849
451534600
273786986
509119078
896249180
41972357
110287241
209473903
959170480
32037540
907978021
912191528
776468400
743422445
493083911
140611707
932410776
821216825
36599583
684507728
781836716
564338578
690597023
105338821
932410776
725547208
179112569
299247209
764676460
149963958
906243092
892404795
578138365
946134400
892404795
550277486
408783217
293505033
703832983
806368066
971870843
796183674
929064353
801392945
21523250
180737333
96816055
110287241
848042164
631432960
512053343
99295418
737813551
351687053
108999701
17535893
161790571
195118825
965834330
541621688
214335618
377328407
824368435
69979073
63631549
510623799
59326948
780437020
178154278
55225396
734018400
472833233
959170480
777489406
76347739
589806848
657734046
840506041
67436924
501012280
115209305
717999434
108999701
637120437
434756216
146325959
659264567
45379090
889363718
484052570
320016251
416021319
272859885
234602932
925732687
100213003
450809110
962097708
984017591
187580920
665940159
657734046
19252071
66788125
925763250
602955018
171035632
929064353
495929278
126715209
824368435
136595110
928260764
450686647
211405019
617057265
19252071
450220568
505189712
910695394
654069055
354417882
826845051
828618233
554793850
21523250
982292958
115209305
473604707
441057560
120983975
778330295
323611069
309297142
501075015
57046868
781823532
125219352
890821003
623854658
146325959
214335618
441057560
557093267
59413784
441057560
761018343
776929249
212230723
100213003
146325959
399272155
133193029
143472146
963027917
253853888
88881594
840506041
695393521
773144953
181888127
17025425
74458426
587337623
201324238
318696259
782292027
776468400
564223799
398836609
473151743
502340148
92394308
497376585
226125270
59326948
903742403
268707044
449347757
882973964
381468052
470704414
881866544
440444618
106460790
606610243
114556835
510623799
160460330
64384000
440444618
460544464
891308195
43891783
878323612
125606510
241036709
399975350
23204374
501880959
231073980
658893339
29497915
114672039
509119078
823785235
144414697
804200565
177501350
369954215
69979073
21677035
920054591
276137779
67436924
610578838
415589544
954496026
23641201
572125326
45379090
588464436
802348052
901136748
286719707
230986575
771256596
196484300
108969627
369841058
16265002
472817993
241036709
99788765
227430158
734018400
896249180
11724065
373007693
440444618
730574511
451534600
743068219
851952119
954496026
65930978
573084643
669927703
853693767
687463596
144414697
195118825
674749138
510871246
801392945
513353483
154392883
526390254
323840239
369841058
713646110
178154278
562963284
214897243
743068219
621123368
69620367
9583308
909129433
983010749
333074686
776468400
398053893
699267230
249789650
810059
94925989
657900497
630474141
182062957
674007615
928260764
249584722
782292027
503906095
875803094
370467911
970811002
995935920
757160710
128365143
782292027
861693641
80338334
593082585
24088573
181888127
433207072
163967331
841258873
16662222
800101744
624262881
824368435
599415995
348594037
961386775
812843491
777489406
821622986
578138365
509119078
990355186
649243259
919854381
134236434
891308195
45379090
125219352
522420133
800705075
565052121
780437020
437498344
375358834
501880959
919749637
20997302
119080934
276137779
778950166
180618940
68700886
881587445
323840239
472833233
909211732
891308195
299247209
226125270
86477014
970811002
46598211
392191636
963652353
78739694
822373765
179151417
450686647
299247209
286719707
92394308
509112312
943707579
984017591
21523250
45379090
836207461
865825107
939106453
6542682
125199757
7016093
491431837
375358834
844210580
563681096
606670571
793843635
115209305
497376585
120997248
688628336
496629664
472833233
92394308
96816055
962115149
304441826
351687053
853180933
679738922
193374954
542650121
932410776
473018328
348594037
96816055
470535255
12838869
958753299
777177505
536322852
69620367
398836609
659264567
737855176
51155806
144414697
18024600
280838052
235243135
586578159
45379090
398836609
163579965
43023806
179112569
376620253
96290839
946134400
333158449
11724065
501012280
640306716
430340728
985629805
737813551
894416410
874836097
599298443
209496520
812843491
7016093
146325959
173576865
392191636
273786986
33661026
953066707
49685623
317159276
180737333
299050014
167242421
749346764
598777506
919854381
703194586
529157139
469942989
793843635
442603434
794380470
857314008
6542682
227111552
100213003
101303700
591507979
920334239
392359727
100213003
440712637
773142864
700790813
21888427
610578838
522420133
108999701
184932848
89159568
466253246
100294159
415585218
801988824
821622986
701219850
659264567
314170216
469942989
333074686
119080934
583787226
982292958
180618940
86477014
638320798
47029773
473151743
644108883
17025425
615576732
613281668
366518329
965834330
707187293
590011675
178813573
995935920
762326765
821622986
979444276
877037356
746694441
935349871
496506370
698751768
268707044
624262881
469430135
761018343
654140730
112038571
626356776
362793091
214897243
323611069
777170074
618367490
373007693
377328407
890821003
813009610
775304376
612467690
370085625
281614044
822373765
161790571
149963958
909129433
86105860
235243135
106681433
26264069
830448716
482500252
187580920
256262852
60540843
273978408
990355186
99788765
304441826
382563264
333291414
726174886
271602435
289493531
184932848
470704414
388536227
572882647
107151706
320016251
446498778
881117554
624262881
662644505
242374479
684224861
259230965
122011306
75190050
228280020
338579883
679630653
794380470
201037319
133960191
180629553
877037356
59397839
297511067
205186673
66788125
782292027
112433216
662068074
350397626
690597023
240090462
180737333
839268557
286222075
655254025
840506041
125219352
536322852
596870177
349771866
493083911
746694441
598777506
907978021
710040224
318696259
877037356
958320638
442603434
304441826
501012280
453052712
205186673
778493168
333291414
572125326
169309013
752459631
158247712
703832983
369954215
115209305
550277486
821216825
440712637
860135077
786832717
309297142
910945550
381797391
88570276
588464436
293516304
228280020
777489406
545427899
501012280
460544464
812843491
337576503
64384000
378311084
286222075
701130340
615576732
49813887
78739694
526390254
591507979
332103498
674659296
809475159
602511920
95380215
215114067
115209305
958753299
115847913
272861598
683151080
92384616
773123364
776929249
541093821
9257333
687153612
610578838
882973964
230074142
125199757
642974809
516350222
985629805
171864072
796130455
465919947
114416288
867921744
163967331
16265002
928193994
701219850
882973964
9262289
631432960
56693528
436100842
408999679
275159635
330346638
674749138
316391589
632367636
193534254
798985363
182493303
927707621
74458426
865909273
272859885
381468052
925732687
244228337
690597023
761018343
64384000
371603820
112834436
751002899
337118934
36610678
146325959
550873589
55225396
615523125
450809110
126715209
167502842
248774662
971870843
204500242
88200654
228021285
743422445
665940159
80338334
564086031
172298738
129550258
118461348
868296218
650366414
109536774
120997248
43891783
335317503
470704414
482500252
881587445
649243259
881117554
882973964
129522240
215114067
116815765
231073980
171035632
925763250
86477014
373007693
907978021
770409587
120983975
242374479
330346638
909129433
94925989
4856348
995935920
538129466
225592838
140611707
836207461
881575856
323840239
101860108
880430314
289493531
309297142
36599583
896249180
227781919
589405682
155428989
911204743
992193632
94484870
662644505
476844735
853180933
209473903
778950166
235243135
99653198
108969627
806969287
238000736
626356776
35310572
215714766
861770042
342578626
451534600
323840239
890642904
469942989
29939354
853693767
145183898
475343095
757160710
969474054
870792652
988058546
400446385
159128217
909211732
625003825
473604707
72834383
705435226
853734842
973304302
209473903
96816055
268707044
717458678
703970079
470535255
163967331
114416288
125606510
180737333
68182632
451985726
326251455
669927703
618473886
123435754
116815765
717999434
472817993
828137517
902057663
554793850
828618233
820913199
235243135
136595110
891371990
82328828
169309013
657734046
555951539
95602205
776929249
186054649
252904593
533447193
381797391
123735218
179461873
96290839
30300371
11724065
67184770
145731581
986819219
781823532
193534254
138319388
469942989
881713259
112038571
922910698
21614527
465919947
206662369
381797391
792506369
926637770
293516304
712323620
309297142
348594037
318899234
101303700
123735218
382944984
376670507
370467911
766624097
122011306
429039335
580279536
79139461
26264069
798985363
654069055
642974809
439876883
51309207
850821637
706403263
161790571
93656731
529157139
659151964
927887456
844210580
285631880
520591358
86477014
777543322
226727966
890642904
686642539
144645478
699267230
210977537
963458621
60137008
985629805
412733037
444922645
653124568
596561172
34630457
669927703
615523125
795286519
374951227
320016251
63465245
227111552
449347757
393216116
430340728
20970475
370085625
653040627
249789650
724364670
144645478
940635129
379291886
911040292
606610243
349771866
179151417
43023806
643000505
489178657
66098879
17025425
975889773
65930978
114556835
737813551
119080934
674749138
388536227
