811723635
207359091
170066056
468400420
17535893
218133873
839946662
673473495
411167688
978674500
501075015
66788125
812050130
46591637
492705774
144892170
39576308
929156162
789875816
685875810
751116922
826845051
410770370
165018247
372794293
133574723
87808746
75585171
780437020
365913564
437498344
674979790
751660922
191599150
934754237
511502702
114208514
717458678
211405019
883587025
324274875
992451613
390015425
104300621
11145167
606608983
297511067
951699104
441546249
584578830
8659716
41642530
252388855
448491632
119616029
820913199
11483224
679430500
529988016
908211441
165493702
86105860
714815440
177501350
563397190
973005580
18757572
542102194
292926544
29939354
237235085
181652466
700389337
817362783
504632472
370372434
620849351
866310430
139573098
453935111
9257333
649672016
522355088
469613611
501880959
253853888
242903298
43841598
973304302
629778224
291977712
676255115
773144953
483371343
764676460
152853684
388253423
9917962
111502659
382086745
385596495
548383521
312556405
989815458
326845690
292369542
103320024
324653330
131630618
432243508
138319388
336682618
254486078
909895618
885374515
631118418
321742428
589806848
41903854
382990059
138203480
661514828
897012978
787174112
200566234
143821737
154274815
941007206
907781456
662259257
723402376
555977487
242374479
142250072
983167895
683151080
201324238
27270065
988058546
44382003
812336733
239133410
25066996
312604638
408983895
507027970
429491227
795337320
252275151
106681433
664755559
681796048
625317730
209473903
643120825
742625143
339357462
101239282
66698691
929681561
141164117
593832258
114027442
800705075
288234600
947525530
817303669
493171769
711853083
351687053
701677226
643368337
238839563
83598967
370085625
199261518
951368698
77127091
82690560
412733037
717563083
447017076
92042402
701014496
668971829
315738384
967421136
47590901
8496927
968509931
677128458
458274443
34679256
341377962
731189735
822191647
515832505
992193632
734018400
228067216
903455641
232950517
51309207
546592140
918698184
45544296
908872744
309514750
411466660
590011675
227430158
102005958
118461348
496629664
14698528
101303700
510997926
972481039
95583727
250750483
871622593
867897025
785546935
599415995
636543883
892363222
674836131
574606548
694738798
268049107
615892413
600686799
822373765
501012280
724972860
8970462
781541920
975262618
211392429
762410184
859804420
155428989
74307524
333178462
853948293
684224861
467352885
353859616
802556039
106681433
758935103
563681096
846359881
362012992
273019305
949696069
248520492
726952064
705868976
238000736
303249817
81561720
253618594
692921213
599298443
30014897
28835
192226478
636070383
109300789
375358834
51825068
284755163
309297142
921321389
34723084
120255202
423278624
717458678
590752176
520800975
934334189
492136817
89278132
715175762
42224352
244888064
399698487
861491086
325049590
317578535
997141287
100294159
921585841
850522958
314360988
725331208
495955047
192225002
840270444
247814450
369954215
67674399
751939593
877728665
88570276
317159276
786832717
254019864
4856348
990317726
335634387
637417563
218276817
559306647
40102413
101275711
145684145
601628902
431212767
966156581
781115367
315469750
800705075
183410182
135679122
360584924
374716318
957372233
65930978
533124529
695097416
529650398
506207326
263991451
366314133
983158474
949010844
75095016
191454809
229799661
706290208
165205766
634545530
575997517
254117062
830448716
357577665
192513047
717999434
907146732
641322332
586469701
687086369
212610969
182211887
410345399
557545466
976772010
404438663
578497619
98705786
755421779
293516304
80338334
80907725
648968830
949669761
424235699
708943536
237075073
451225880
320016251
518760704
944710519
442330615
953063399
39183797
943036425
558028797
521899209
903708086
131925610
131925610
229245147
102145161
481857312
779007955
947058252
685868530
181066885
211642847
92984526
439229101
509459230
654069055
391815094
796183674
844792487
638090887
76065702
259677758
870792652
903145729
158039022
809473956
185065895
188663263
418828755
737983807
39813611
312079342
179376777
999223133
661915741
880469680
6835550
860703391
884352772
250437717
995935920
376078896
498637348
399225641
773324280
252098805
471404576
635802038
283582777
899352501
371797337
276196602
279631875
797942150
169624529
672167099
30649442
193135664
678367896
971159277
28027141
218963044
735365689
631432960
92394308
532475679
501288923
703462241
274438842
922158973
399079513
197621823
615554155
889115755
618227059
88077491
22525259
688007871
59413784
950734896
89159568
10440649
643525060
790327234
824579566
214897243
225592838
281614044
535657664
654338156
872113426
388551904
243449640
985629805
939106453
220101176
679738922
122772325
143472146
641513426
754425607
547206470
35370433
967822897
125275540
51958825
103280519
980071481
316555081
622137608
476844735
460796925
10580616
449712601
439228336
393211457
593218772
461445675
112659671
655645046
338579883
610428546
38460139
26740561
986441109
172355806
767262794
641916375
209494850
180644585
624364452
252904593
877752267
119470732
725590066
357564856
365990387
388711533
51309207
70189883
129699311
691299595
335671343
141617610
339332426
38111699
268707044
138117407
694215714
378049697
72582758
255664100
965902006
172929
571461696
789626024
922910698
782118952
703548243
908533109
465857890
380065268
902214602
292839256
26688075
822494025
305559541
462015637
847740442
147351547
985629805
16489991
74030494
397938019
738300303
658364437
332735550
981803259
38103500
189213599
792277146
900540493
456369140
62216012
314902819
585478595
699236094
79180294
970554980
771447929
503622195
503848282
731471516
169260093
471327096
4363270
791884068
756499053
399768767
393964901
670182560
947321039
841482616
451534600
215114067
555951539
870835076
167327055
936299266
509560056
966755429
115847913
191454809
50615144
133301103
815882857
203890393
460660892
432063648
133159353
4856348
68103274
111413044
125332583
510379997
496135250
921871264
585860016
911773570
490635401
111642109
183998095
771171575
638372052
652225631
612467690
742009043
859593186
245757812
105438665
805383469
222560268
839003833
93263007
630689799
877121242
475359
408259315
736135950
829041332
814673564
800444144
651625721
82131392
115322517
19252071
549962435
116629503
529591673
465830825
114416288
960838250
19307849
967793663
207121670
505582807
119137743
474990706
91912301
12478730
966452773
743408936
695448855
472833233
560421465
522411660
115926918
721162223
634040373
208334346
454328532
725913832
211400213
110995523
761531822
579401925
116215182
125226034
345946747
925732687
714782128
518726821
892864469
55864885
134085118
698448175
155940474
174623533
310452261
204465225
291224106
526197773
17535893
853848917
165224608
253853888
632260328
644108883
289221268
268620806
424078444
733703172
61684915
335078701
134240618
534605436
468694798
776051269
20303583
912964436
355472164
78448556
730574511
48187632
168028456
33237835
504374528
63631549
406419891
307552041
691491265
474681590
237451957
34723084
72652666
97477156
18779533
737062396
324208619
719817050
706403263
407691445
434484689
190767603
120983975
213179446
103105009
84430803
840992830
845083631
21995739
540834818
383795938
206856724
46598211
848702069
557508862
449625437
386197813
614135507
789557115
502141896
193374954
971593423
721890924
273978408
66098879
152462039
650781829
889363718
51309207
550348349
684088685
781619717
803192499
897407249
483019577
599298443
53102144
373361796
492440763
395320430
550873589
108950094
634234674
902740213
607693784
35310572
270386034
655480759
703832983
731645346
349786734
516083462
24595938
54018107
547001555
358363482
657454800
52169114
646142874
122745733
401510082
404589501
865825107
896832359
79139461
43539835
574371439
273798033
153794123
94283317
59047458
888424779
30014897
740148074
473717637
889811011
82417967
23290241
791547253
897989649
299324911
276915184
273218974
344588715
647588590
287436575
346120600
153405035
489178657
82857444
373732549
67514656
371603820
490783023
565900008
855607631
146162835
673420843
23641201
231073980
925248752
239701094
740398827
564086031
836368369
595659837
510990488
880323171
358988407
58502201
159070814
782292027
854031321
588799988
3701291
572125326
224506757
63342430
766338115
181782728
263543334
397477653
432948016
262332919
881822174
925900456
49956585
299247209
368298803
986618517
848238167
483054333
525921886
15199434
79944230
338522302
134380510
946134400
244228337
211680945
818906297
774161327
398416323
603791520
286618351
202248392
339981263
50653621
885045921
970031262
252979628
249238187
343562227
288121265
605162023
334909495
728511118
399588086
415353482
799762833
33877419
352587611
219502166
651546849
216005436
628289574
422190963
397572085
441847649
563681096
919106285
38212361
86147653
227625938
721483835
529218748
439229101
270505738
89159568
400232123
335008021
266540581
248725729
129646793
103550358
93888533
473717637
59326948
238323984
161915130
578727359
798606284
878524308
959933020
918052845
479735527
726115474
506063553
407427674
499223665
664187978
392528648
990106827
880883201
661934396
88475787
312832006
753337786
367033019
237518634
82417967
916993836
165354422
213995567
246499650
49685623
850821637
375554855
686920849
331456379
328010727
959170480
943115465
576388740
83057141
795734444
252461144
77711453
35457063
335595059
30398731
780705262
192933692
228659302
215093828
901358756
850641554
64998122
640306716
277368128
879287958
80432616
921409537
867047897
91196181
763739288
211405019
450809110
248709602
413072333
386379049
343026735
29502762
908790544
599328749
934019699
735218133
72769378
617057265
58077185
949696069
517489529
204548928
332481476
325611596
607926273
797480114
654063993
496359920
743422445
600021127
427889020
100213003
37661411
699267230
503906095
927667319
951435351
11437421
228175588
44137518
807793986
85965853
770492766
153328158
145752750
678933915
854023001
690355401
970198504
665569779
695020263
965834330
373912950
265291454
927096297
600846215
762326765
401492163
670245035
481849604
248268377
498996212
194149402
893628173
115942693
100482431
641839681
693917050
31558959
393151428
489124618
868914772
688397537
707806073
752467718
235668772
686931427
966641856
649515009
64972432
990569005
773312696
101637193
247939412
43919401
76298939
673302733
593715750
706230360
850057800
181564142
499918907
574329173
449138804
628187225
572126570
390525785
119806962
422834361
225144616
12838869
181236585
672370819
647887143
400056926
103167197
943327645
29497915
526682549
812843491
8375093
100888156
683648013
796157364
518505845
898591342
207868144
142001840
9293360
709771
25466299
49685623
658118727
248774662
948949880
714042656
868296218
385347348
586187263
261800334
15119906
986056904
380844442
762252712
422871624
555106680
558639570
714795389
916609877
491456891
587337623
337576503
707398399
622137608
849714807
128939892
52945960
256355512
382563264
960492901
781823532
367389053
75323680
703970079
983932242
225406726
177407820
329457128
127187054
35687462
139660170
206662369
522010703
453679156
892404795
272139579
814818218
796183674
944880227
868525067
734482477
697055853
67341142
44022423
214750934
782401063
132671637
241769806
80248807
558028797
778577607
5629055
603121572
600053486
578138365
66788125
675023911
977311421
229201065
620421261
178810514
973136766
75157556
376620253
499435902
839946662
980883245
647864771
460847279
599372903
813012232
789405712
66325444
697606591
789172460
390134896
271769530
120983975
125226034
181480984
320828568
141027634
131226073
122940048
936813632
209802967
933798877
471404576
713646110
431827482
238146196
944660015
985766218
203926984
300862315
56572874
586578159
589982363
662478741
300298784
702402091
209496520
313860549
160460330
171150403
536577693
224218068
262035599
20009287
724986293
53245393
692504779
100822482
651968815
881575856
645977736
351623617
91841172
353677396
812559034
902022818
860646484
669442247
679738922
692413286
472584644
869516169
458428198
343184188
52870788
514095697
371381127
565706360
895621619
124087904
229004133
259230965
455891459
803300637
623854658
393000755
541300403
786310855
50101021
36610678
723751629
470535255
901508915
649765157
957303875
190896486
49685623
556302398
483434327
925961577
321338177
701219850
996919
891723283
144608624
111224619
734367038
485663294
80937381
744276004
293505033
556832374
83062769
199208297
412700413
76347739
884422168
398024722
576350306
356029599
666831804
39026073
20970475
596210550
365779023
561775506
56036295
826917489
276162406
946224382
821216825
286443023
758129998
226086582
160275083
335252179
485040274
703377732
304801199
780437020
637367907
483344575
28622769
687153612
537221242
659151964
381901669
737855176
118156010
535529364
334401525
855705960
303737374
172298738
51047995
105793437
965216999
645771229
265874819
692399133
882829443
621414547
62026359
820913199
721384791
598777506
713725833
807729959
221513738
776426102
140239723
796130455
947965896
740391267
18820369
234792234
561600610
914902732
814482043
337234708
115284606
788069388
110455858
30391053
20286418
772434841
644101277
982159236
1610941
451362826
663869706
810472578
742272536
376682116
495417375
852879130
731907945
789284820
283293208
735280792
252904593
668424282
94713188
953918864
78563115
563641315
785173665
894588976
532531835
710040224
113677502
109477833
124107384
17383355
482277175
831501674
173878156
525863210
622137608
859155385
75094829
936958658
198157073
244185423
132400709
559791718
946134400
683359160
623068430
107492133
371603820
610278760
304155033
213339271
781339148
564086031
714087446
324542792
94206274
271065704
807107283
844428356
26264069
873442016
687986897
757749783
20296516
465540143
189899201
289101481
142710660
713646110
246772953
603477803
373011708
207540244
984884714
494244190
654863020
467467188
816334033
477610680
793451328
624241228
213438752
121321569
201037319
895172053
7784120
990448613
37301856
626608654
417698244
655296596
424362929
982574400
345922024
587767
626356776
192641501
881392504
392796549
181584031
821622986
524954849
130136020
529401619
466337693
993240132
806344293
85667528
852623029
507394776
334130633
747443291
361334037
625088835
836577936
795272574
276137779
693228125
739685305
992486542
17512475
603604409
859869066
891526401
538129466
954405981
84997145
588464436
397681553
202053705
328731347
776418867
238118442
255302544
859003832
339317047
593189120
674007615
553825190
62817234
66578801
897407249
709620083
469000228
401180011
917916887
33134336
234603444
888312862
251450006
737228093
526282595
602511920
243547780
374284117
736367134
89436947
145731581
540434282
536322852
591756316
705495376
52866082
8375093
468597819
720754013
624079640
965834330
899249152
159577644
481162204
343454380
193497230
14062007
883671089
641571885
626028739
246131162
365893235
721553148
271036779
774115452
392283411
765378105
732992265
890461150
467125270
369516042
599415995
15299737
251815460
239265836
282887831
538786826
794640347
649329821
564958740
371785640
940911945
919017206
679245017
975889773
677424634
68260952
380212297
781836716
534276211
753689720
297195103
26466980
932000179
853848917
149472884
8710265
886269952
60049387
471404576
88113395
171864072
22059171
80338334
13782658
872709059
628365175
582909945
78050414
682708255
461275511
531466904
932457831
176399464
341746556
929489321
40151166
89310067
772776630
235056413
564691014
703216766
642902764
33513968
478229883
784142931
510871246
739455308
974870855
134859385
329569271
968888734
777427317
322461314
251070890
381468052
848912
519559917
2676800
260980600
969012117
128133509
45982686
827004206
9257333
180629553
429867648
647066527
353858973
883472805
862951243
223157524
374951227
640547103
62054731
53647012
24194843
961628830
695393521
74426500
840738733
183484908
602492204
66788125
881484299
860329374
297511067
657723791
111361304
89509203
259315827
543829959
809341604
672167099
787752118
843738898
461230787
244122835
846858794
456028995
6455989
921244156
168341584
991198699
41333982
588207615
510768880
923145951
889885665
51155806
96491162
739666901
181036712
416697479
219697461
875293245
274622581
395915107
795989698
956317251
885624987
714875399
127160108
464943812
624999386
781657740
585449129
8480011
497653651
310633290
588645259
128614002
712128331
462015637
486530342
22164239
224420242
615631122
51309207
890821003
906243092
223406394
263407705
738847755
860135077
740432361
609966174
934945875
48266038
400910122
910039094
750447
101819041
928959925
84914330
891308195
839065702
284468442
727622095
172118545
144832875
630381734
69620367
910695394
400910122
631355392
438086873
379291886
905044077
893078884
39402459
373460229
979030452
386917680
996573670
104703194
460544464
516193112
581178680
415933465
999092761
235944230
512816070
28133716
516350222
57484153
699450830
908035612
780437020
743359305
94853182
79785959
685801616
643980634
8053891
668214788
109213392
821815669
256337236
375433884
245238745
305042243
621606955
498574273
78755418
536107705
446498778
127873852
625235884
139816257
98531233
605333810
260410727
164755742
583321385
705946527
654140730
908433581
414666332
940834895
521877150
471074588
146325959
488101001
286799405
115487161
687014336
437498344
771606921
626356776
991236603
680308737
112834436
276233269
835294163
514182925
156012220
653789620
827809593
591507979
889494753
600388632
986819219
168610031
732551347
623593329
244132488
692257205
523380640
337118934
589482997
172075761
829919497
788058301
28262790
598975627
486082490
350397626
605289254
573605376
128273038
858940626
257663043
148311710
36751980
745298326
62148317
12522167
188993624
10548955
571479491
682934237
176408850
410137145
179151417
840524319
578575809
213510361
386379049
130325470
829853521
145666027
381062573
685875810
83239125
280039794
2861872
794090890
905317513
743422445
326064372
13468778
53007305
672761799
142197679
505973233
597832032
272861598
41332362
936705552
439551555
734886734
540809526
869772680
688988391
811340283
185501075
113701508
654140730
191236243
396390385
68700886
106012071
250509113
305463375
276052103
143308431
544076654
639844258
253127234
373732549
51044242
220642340
821761170
371869842
52157250
132556266
454933090
174038031
615726382
436064366
310762812
222104048
50318465
531994839
22533052
913181966
120691817
618230732
281942484
40009557
854331291
945332797
30413807
775447082
699293409
240176098
726122836
426550968
285230595
869206914
262024487
112172754
501149983
419052588
60252153
578858636
62209509
83689426
685474979
991672949
711748167
347155895
125755530
945772339
550277486
239940472
896878780
414416229
919708449
830448716
556127197
172424046
911928596
56491931
175518205
642075307
72834383
926611269
361801914
23608727
771949514
639659631
141172904
530332089
49685623
462536092
579901598
17853346
650192653
15162805
854471301
171354946
491774455
161353260
382454010
523976960
350763069
160258691
176370793
549637769
242374479
31250990
108042949
389469980
842079811
641175632
76298939
687194571
30671564
66098879
316883545
785943166
490424365
773865394
301954936
983920613
649243259
314170216
864761261
546203454
557843449
360351503
113546006
271845579
119940155
106251703
545427899
653121470
376881474
961386775
935208456
182092728
573993388
71626428
784281703
283751170
880354727
647917519
42570081
192553656
164604289
551657593
629275469
452595190
267165125
284106517
575600689
61330913
58218073
844358186
799257947
297508797
105919093
606670571
566578042
197067277
573630162
86011402
928957624
211405019
108683322
513426980
671832710
136595110
291444726
331926417
267601885
466828702
647846789
278913579
533239607
