369841058
532342090
747443291
960760093
169800677
74458426
979444276
325993771
207518859
449347757
999579276
740522579
225471490
516350222
660308466
232967924
715699643
362793091
562479466
766624097
650624095
488378812
71345757
438086873
848096555
996917113
556217552
259408042
152525195
113909514
673385747
221992842
383485041
793843635
146885783
674007615
963139565
267649426
818569789
712323620
6006932
259799102
279191304
679429794
59397839
613281668
181345889
825616902
25141346
508777655
781836716
65862716
954496026
95491806
99146512
892572268
572125326
842913614
917918652
44829006
313718413
928712828
801731918
9283270
101860108
844210580
125199757
897880441
254987166
941781101
439041028
167242421
183313821
628373330
707187293
324055384
848789691
232543842
940505196
367262665
209494850
77937024
687153612
487100714
837316792
303576770
965834330
600846215
178810514
855075448
316391589
163967331
77288053
777170074
82744085
539092120
709043253
716767500
953586212
725125489
594799651
406170553
413051742
768279283
155858387
381033504
120154033
520270320
376940358
25141346
858891187
272859885
234602932
198361987
164522295
302759173
783380659
707187293
610578838
445177138
699273759
885665778
601019965
925488296
443158677
417649574
565052121
992081128
374909842
997743029
93475161
33452829
866717641
91662898
484281965
512544836
623593329
766163907
404080243
960700088
286719707
651829118
71300485
705308686
407770633
759780919
164875595
564903830
740363137
615523125
800392719
303641441
446374390
501012280
423658611
43841598
69620367
432181717
342962632
313316592
497376585
878980260
761018343
22385119
780467499
707564837
36654545
415950062
44583924
840716719
707806073
809827490
140223112
125883118
775864034
539596448
52191828
934539927
670473905
624262881
141445785
297508797
357178147
50622906
734287528
338130510
326251455
454814946
778330295
140491273
866904417
895379927
854718597
293505033
337385116
849471103
442603434
205064416
8309009
525830948
955081870
672167099
69979073
244228337
644108883
157616222
41286225
105729611
78074676
473018328
578017779
602955018
342480841
34147382
484668965
975946973
505060595
820913199
312727637
864762960
920281442
781955045
172298738
819217776
381529522
108999701
654982241
494840360
470978080
340782013
958723040
328152611
432732843
969906645
599444394
275159635
563490008
46405407
469430135
419708479
815018411
176689499
89077458
653040627
84048550
998367771
152707961
435478684
505189712
601036190
94459709
911920400
296743113
558334926
329117182
366982597
702235536
416719069
554793850
383795938
131925610
871301416
475463101
557244574
674659296
847436573
253917241
122028859
336614084
928260764
29875431
174119546
631432960
894416410
142685245
55932005
36038005
179073626
906694314
23121878
239456666
676307367
682275928
382563264
47718684
781554108
555711239
58883933
246633283
566871967
928839377
120983975
543700979
264607970
165538446
139397109
567780381
131158867
243160829
476844735
20997302
136986842
298216747
637685573
249789650
442699679
920054591
58223065
776221273
95177475
510847821
105811052
52169114
372059737
402079189
622811430
536322852
529157139
550277486
619736424
925757158
242619739
29036179
268707044
660412308
710040224
493502160
726174886
505704426
293505033
211658720
592364931
800705075
231073980
478099019
139846876
20970475
21677035
631011972
21523250
69979073
861418812
567075619
598777506
765791527
729445644
882187828
665605082
994272550
607004864
115847913
578138365
168380478
248545537
891603370
921888295
310350814
19252071
145684145
752285489
235823896
687699807
450518097
331952666
349208656
313954902
125226034
170988731
293505033
990366737
406067080
602955018
655254025
616879403
240312661
871502787
259230965
74337573
408754722
432683506
92394308
440478633
942936692
401372507
99947898
33513968
714711729
92445503
610578838
63236050
929490128
286413740
142461537
447391665
382944984
16030538
384893956
891308195
689576488
549248504
351867121
494706867
155428989
402092555
240236899
179112569
420041775
223999901
227982982
115280194
886973392
33815169
705435226
171864072
277377373
993984837
614454890
33024487
945133037
985629805
195118825
752993329
284035912
449270106
64499385
869831653
338579883
311097647
898156304
277456442
798458469
752359304
787463662
780702846
937064917
274365912
430340728
75190050
76869123
106517633
439229101
601171311
829266058
281406798
956001085
565052121
212123288
298487809
193497230
602229481
940926322
771581110
529401619
495929278
141690513
676777136
770219335
371785082
350397626
983010749
737897420
343845296
7582586
555404207
793843635
416904926
337300886
629229533
983239844
275159635
943707579
11406068
44286945
272315378
243116230
656748875
654069055
301969975
440009482
630474141
332714237
173893155
925732687
847754584
715564799
914970418
431430792
14283632
586578159
958593448
178810514
204366778
93349641
880226324
490520802
658687284
19858129
765156490
714387005
156795778
70140203
1132450
33988484
113677502
390382595
272478179
624874257
738433589
865825107
599804991
983010749
911047340
285443128
47593332
180350081
482124654
382002898
318907611
673740155
292040826
896987754
79906152
411319910
902057663
902324118
142473525
808609778
133288150
616221124
177238787
27422659
875184884
457582392
350397626
466753388
19252071
112295133
646901265
880413807
918007446
106460790
348639717
243799319
939675007
478446034
612106558
344580170
691471924
97196324
72509257
631699622
986819219
969474054
689576488
142395612
958786985
867921744
117915734
967508295
410915946
502080586
871631737
34723084
951575563
543994561
42386527
684790198
304697843
99124883
914017073
3696050
880124710
87103470
244693934
516255023
640742645
125376233
66816721
926684791
412375583
512470257
96296573
963050649
826845051
710733341
23641201
462037872
144921734
891538395
287256807
146671435
410439903
179306843
558972282
196484300
16224219
442126596
932786537
527319020
192509692
474642634
260678599
594799651
36348797
91339158
575540890
484052570
135813907
81477887
692422657
393542811
5107949
392359727
59694136
664831939
940586710
753814425
196484300
475343095
444124035
512453242
647911553
153921684
342556413
389414811
6878286
725271744
555951539
80587188
591507979
801392945
495929278
602955018
774070160
318696259
727903869
328175423
167101362
584811635
171035632
944618732
603414450
558905425
423904339
597619495
572125326
991128625
311896335
873349606
215714766
209721625
674106254
180737333
372467491
753168552
536322852
129175355
276271041
866310430
337118934
672284433
809294048
19858129
961386775
557554000
149673577
235243135
446431705
362090830
261584312
953066707
201525687
778830500
355440669
193316689
310799892
415462570
144204764
980281620
275159635
285600703
705435226
608942953
530638127
997462405
750065215
168485928
279184268
388504809
410459568
557344769
911204743
870195529
396172891
525086148
919603613
831576458
905500260
69979073
305463375
134481025
856857360
783308792
642974809
47344248
387712348
842211098
630654236
944925657
943762075
413350022
734177329
163876201
990348050
606612146
65930978
378446181
671873704
739662308
829736855
280838052
83337104
595346067
72072300
8209030
165205766
645821932
433207072
235243135
821622986
503162069
184685532
580960529
928260764
431501128
65046324
990348050
325229427
23468364
878323612
21523250
769567639
404303965
248711011
942630955
104530533
805351894
534983851
658639745
635814384
52410152
183928242
802348052
857477692
163967331
44937250
801030705
433665895
230897717
9079249
496506370
924698553
850821637
905993256
53453963
464155415
828137517
468667356
248301440
569530020
837989688
408464447
135189511
39501976
512536559
571914877
418364231
512536559
335008021
351867121
474933619
542666039
711778944
947587708
820674438
3808613
558032047
602955018
999214108
620421785
106553543
554230797
674659296
828054183
286879988
777170074
489908497
338579883
197559527
126840459
912758702
592364931
109900574
225813287
197429925
964658870
861693641
123196726
687463596
27253336
743068219
191795090
178813573
249346109
446498778
581323816
482135341
297508797
84178565
762250338
610264417
49689040
377328407
488472078
286222075
112038571
239246062
893543477
878144689
330622407
51320305
646492232
760964447
688315993
923745308
41168034
698582108
374951227
107611634
278408291
234602932
705973245
828953417
557144013
505189712
133293896
271151180
858967239
546780743
877912776
431840834
923895437
271602435
936955279
31603280
442100067
688988391
943226625
555657309
103629099
421117171
366518329
151311285
126644458
48811930
337366483
680044339
333231959
227430158
128906514
183313821
86481388
28056865
705748585
712609767
613281668
675213383
159128217
705973245
740333287
683991703
980380859
763298877
236401812
781788876
272478179
964761129
650197228
971870843
809130446
323161151
11438040
598191425
777177505
102488368
47440498
76109992
291224106
988058546
501594844
843843706
68182632
467532172
398836609
640910132
173432449
985486159
938500359
643745407
841090034
962346368
274127329
483320378
49124977
629017550
827902888
438825390
874773623
624535222
67885626
520204902
232576314
37857954
107802589
518862122
979826952
92506027
261363671
927203529
354823293
76916457
129550258
663061174
235644012
487745312
869547162
356155069
664759583
93341080
228438634
392191636
192438783
443648153
888282274
21104767
699267230
895151216
811678006
589618828
812096304
853734842
355817461
224731635
107956066
786494726
97300834
417703362
46012847
43898300
806467431
289493531
173261059
295191139
643478473
885627952
23138132
871296356
624217545
783071939
123321695
49935689
10810506
412733037
820759203
904485154
133006011
49001294
270461419
541621688
544592130
581624492
374465653
433207072
679404915
259677758
460544464
34300549
441057560
855046018
312050413
173591036
646286223
869707508
98675009
600846215
734886734
799787415
495725879
911055077
655645046
602658089
717999434
476636685
25867971
600846215
901608563
54249583
765315700
295907361
103875607
914924901
721679595
443847547
54860249
550914868
398309661
840920733
61851112
494797624
731242159
201042743
489861125
106681433
859878543
289441267
271602435
560818040
183313821
248426763
953285891
737203299
371590295
866414718
265936689
853848917
25824064
88570276
454969243
368606736
695716880
63233925
43891783
268293100
698751768
244128476
847417081
126012925
64065610
4062623
304441826
599822945
389825768
531550968
540741503
419853563
338579883
4306067
252293696
129561744
743219620
452521432
72834383
142079627
382944984
377576525
123735218
705942868
564183295
393606481
454527057
76811704
998402764
121574861
653028280
31804024
154462258
819522340
100213003
857994578
292518096
653429404
984192898
201472734
859842293
436299594
101832947
78074676
665513434
891308195
644997916
714438943
20641847
36487578
307552041
423262608
242078582
517159819
721251983
282781533
533076115
2516339
215884607
135896069
732587502
54293630
424057865
237742971
181446463
430340728
344377651
768960439
984017591
32037540
76869123
377328407
518421727
566681852
713656931
925763250
725547208
886341032
319606364
795549056
918627416
67184770
73484675
285229883
34630457
955388244
57980420
862998465
438207592
753274376
443158677
887422840
208843196
86105860
762741208
451842691
201197630
420041775
601010950
212230723
812883750
207678490
459057278
11153881
92129675
622137608
88330935
165588705
261057403
103114365
627991222
667758258
920334239
635182070
968800840
19858129
717059335
140266755
13040967
346176675
135836249
18338788
668119921
893813693
735341745
379291886
980174200
209092
664482847
850821637
540138603
442603434
654621032
259854043
945218995
279184268
3678332
121907362
436626860
8404792
869547162
116792246
834331888
451534600
427189155
145684145
541795587
18667114
760446838
116593231
524954849
192522514
231073980
697459895
81949611
696054608
2640501
162160388
465230274
852490444
845621757
950051464
88570276
879668555
175466192
654650021
816132042
975044462
650275423
213240594
57046868
296124065
918613007
603364570
894364772
272478179
653124568
472817993
317749224
522474272
536322852
611892001
606670571
134236434
385391799
381015041
378271432
476234537
594799651
970418022
968460830
804484256
587156032
348256587
900166091
113705316
969518268
194062631
271602435
332559854
86011402
159398078
176346330
965216999
869547162
972296473
623913801
3791661
986340063
101936523
852620029
225201099
466634060
75825220
129476798
79277027
978776461
237426673
576330773
272798576
73323917
853693767
285631880
465919947
988058546
464429877
297439983
207512910
944865248
617991249
714703680
116583636
99670140
974363007
469942989
169606552
382944984
114416288
965388092
429558304
398798800
997031354
745364519
864828634
892537537
926718227
865909273
367732437
326959195
875920992
747141882
942530904
446031362
717036208
134533727
866665871
242374479
367643584
729432758
348594037
481052721
19858129
518767198
14996760
34036178
867921744
101860108
147119488
249789650
595863104
220387840
969945973
338579883
405476913
205186673
911040292
737855176
615224215
677524791
248982877
740233412
805184475
919854381
862845214
590011675
337118934
743068219
859026571
412892611
58959585
392827387
883093831
986819219
618473886
492214154
861642799
559791718
358379804
281339522
240090462
96816055
247946989
644505169
608364840
84716876
593037087
952779496
405132022
427722289
544342321
679738922
609245857
836207461
120309564
729331566
235243135
483096652
133193029
400063521
48218071
30988187
154392883
326496035
755493918
932925897
903936805
541093821
752888946
836339130
60879192
279191304
614154376
766726088
33370757
322996071
137323075
186054649
86011402
227430158
23281343
472833233
202369096
881587445
688628336
291444726
530171433
199825752
782217139
421974034
454514793
559791718
656973336
434395102
717495549
291224106
32823377
330402707
862635616
152356350
912191528
203113246
67014015
488233017
378116194
719815728
992165091
184232565
118329136
767597152
39610075
218360107
49758717
810059
456396876
813009610
265058762
450809110
958397090
770844983
470704414
443158677
143713293
405836485
140939716
485663294
264455392
377124412
309297142
606193617
164093668
189980336
664543358
228659302
712128331
508119081
529157139
253127560
51037258
724910307
409050146
81620747
321621418
124319972
863258736
497376585
453841245
653124568
512453242
641437278
133960191
113677502
61211261
653040627
279373566
63851087
167689947
597428230
645073173
494706867
260413147
23204374
990355186
960700088
809837662
99295418
227637860
45979009
30965716
488986497
94925989
301205741
826519004
828087231
109662004
589864736
526064733
899852134
111909641
396971954
74200951
872810103
138345967
186979885
645983108
847727886
731310744
37379408
294009662
354856390
599310274
23102167
539972107
165186075
33513968
173835197
267032955
907076948
692334541
194759829
810896409
34723084
189384957
779268858
176346330
392382611
874675501
909129433
23256921
574018060
547334315
57046868
499682319
183313821
724281878
730574511
592472330
313860626
940635129
778493168
258132283
1977859
828618233
56686369
475191198
521950846
585168554
801988824
846851371
734886734
940019372
325485323
605162023
72220886
74292829
944618732
564086031
119057255
82211259
59047458
808556179
242374479
667104287
502433791
542251603
247946989
291777736
363629707
897894714
501012280
148562259
544090610
964818279
180629553
18239543
362912102
781480662
800101744
530439272
315966586
112433216
738300303
841215565
545516607
958593448
516641171
422819347
641322332
287686577
63408658
512536559
64791499
299010068
14740990
983069984
44238365
626356776
599348813
456677520
82104531
598166761
145684145
151645371
130475469
540741503
955567324
668180191
338239218
189786873
381062573
108778123
275611453
99788765
942021606
123957023
35359236
289772849
363973728
378896936
116849946
611634294
512053343
586090739
572125326
574254660
123196726
288433503
286159282
210512762
347910749
219375310
802021368
348841763
965640680
107275476
508131115
60687363
408056084
63465245
640910132
547238886
16265002
99498601
321378686
114556835
986243821
456738607
857758611
19963687
338218387
829041332
55662823
773428040
714719188
798606284
307262374
65930978
408999679
68273628
434915393
251525997
32842761
284615093
136425739
981144000
771616733
392421080
473604707
489522414
572652997
161790571
866664275
878148119
250896138
26906495
98450847
833683305
278768710
695068173
209494850
369655412
572005590
151797192
160916165
444922645
17860144
404080243
666592566
721330108
856549079
228659302
259303889
674659296
111375236
489178657
874675501
464622551
314933010
331456379
736135950
608003001
774708386
858260569
717636419
606391481
624262881
738377280
805721976
162033223
825425072
990355186
568369870
669092592
915884811
2841649
984884714
687767068
988501816
392287531
120443145
451985726
3794511
304187633
768859705
280282523
75684989
176399464
987704972
577725022
706950536
839819227
437162291
36610678
228021285
463921875
159519000
68461636
529401619
687463596
492805472
394755628
41972357
494706867
856627350
125858620
136859496
572125326
472833233
26140732
735296867
953123683
51155806
936124247
18823354
291888345
944571299
925751318
917644539
684507728
74641925
852315582
756607551
535455686
32037540
286879988
279184268
373732549
366003372
587323087
777489406
440434238
959905128
49685623
916196695
623854658
201037319
57846252
274385008
993984837
88492264
767026192
649042587
304561645
119140205
953516289
222629830
46436966
198360342
631432960
709403107
782096974
327185931
494023596
13945395
105264003
51309207
874172765
648545787
853734842
76818066
903742403
832843256
676384807
944618732
928193994
606670571
679814620
727854478
893448556
848284451
133335296
323393076
477933526
100294159
284601728
249479553
939182793
17535893
224739233
908751807
515021093
424977319
177403844
975889773
752459631
441212499
49187898
285631880
562014823
76869123
171976900
745137348
352418460
18685303
50192190
361467485
80999241
438590672
98292702
590054959
771256596
545489940
93458634
619610285
725080222
911510754
360452795
871577152
66098879
881866544
498154148
318250851
486482722
860135077
656795387
637499795
248563605
767294346
687770758
448662843
434756216
108999701
935085060
967241311
787031810
445943933
995935920
673162858
336653066
674007615
37583640
416966561
550050020
65862716
442736549
287081838
748405158
394037157
963050649
655254025
989878022
687767068
28393038
750899397
823785235
868217323
515929448
92394308
69377573
749346764
428816190
701117094
617186647
912191528
553337743
978854761
973304302
41506424
20970475
419471426
70115203
1171871
467467188
208334346
945678633
723488735
861693641
911040292
727975797
109865962
985539204
86011402
749591294
927707621
381797391
799907653
129534213
442095177
119097182
616434008
505210715
106681433
185737998
945218995
930007756
195680543
188561733
157044197
465919947
188606207
801988824
717458678
771256596
874675501
503906095
298575176
81390221
146160170
894300261
584315213
839624557
481454447
885627952
345365726
357822834
995337425
510450442
151847496
783445849
114933419
20674860
126621216
975889773
94950499
52583516
187396118
945949990
231073980
164529103
439193293
985629805
235985299
14698528
622141084
140611707
401150159
592067677
853734842
86477014
352294557
600655218
712128331
715564589
187580920
339134035
553433698
695393521
857991640
672107548
672653589
127840162
52945960
771256596
197945327
200411036
694435163
166894234
459971447
340130461
181236671
929064353
140611707
542406988
133943583
78968098
484675545
764347268
889363718
137504844
813978705
418394179
571833848
239371871
7016093
225592838
811006473
208797746
510871246
292846926
603363509
183013026
191454809
768199436
116357060
6006932
267889808
714994593
488024721
