509119078
726174886
176346330
592364931
50540819
131518365
212230723
128100253
459308584
917644539
514646614
632367636
467467188
125496602
859817978
650479860
331456379
882973964
182493303
689576488
241339577
773123364
316017750
54586990
656906868
291444726
561343714
469613611
44132642
280838052
501012280
316391589
606670571
374675737
494560632
370467911
82160104
154547250
78897348
473018328
850821637
385550171
988389506
31929398
96816055
69979073
205651996
880430314
442095177
657850855
776929249
277951300
535310862
115847913
855136062
220706960
30250399
26264069
250477275
469388855
328565899
67436924
165846216
493621050
88570276
612467690
562965414
137219344
719171802
466382143
522870621
88881594
271602435
498253302
326465360
745029918
52169114
156012030
193091159
261094066
415589544
944618732
546718428
738300303
149094363
638569634
88200654
84813004
801392945
497376585
374951227
847609381
644108883
636523333
226713923
141097812
285562722
469388855
129522240
404411458
434756216
51047995
804770600
467467188
836785820
206235254
890821003
992193632
220169149
746281109
152043654
311164205
741505172
374709294
114208514
62958304
476337454
179112569
767557681
285107400
707187293
781955045
66577194
373007693
299247209
625003825
469942989
687463596
212230723
297511067
350372969
454305729
509774515
50406129
697436581
522200197
211879720
204500242
844210580
877728665
145663146
166758971
393055227
840260769
88152919
37379408
252805211
743422445
962081506
622137608
651829118
299247209
218518776
392359727
389631526
202327021
235469704
526398226
124762171
681143589
189287930
95177475
877522237
783439081
212337482
35370433
189990330
845702185
80708671
920054591
96296573
520800975
371603820
976341986
420655732
99861764
523559632
996812372
948337744
393000755
549054702
101846791
118340671
89159568
631432960
377576525
457760121
774599992
177614212
75190050
773142864
952506010
801731918
66843154
753577929
213512714
445868897
124980780
409884494
59047458
901437424
917611973
917324650
624212278
963560279
866310430
743068219
604836327
91339158
264542695
231989975
512494022
893281828
605421910
88144217
963101457
246371880
797122847
51109806
934041643
239795221
116201685
214897243
891308195
485663294
112834436
375336068
330402707
970811002
650347648
73479237
238146196
841258873
449270106
259143128
520591358
3259339
374436714
143356244
842264772
969529945
804330838
201324238
26264069
201037319
434756216
3794511
890642904
133435005
125606510
495283129
721821336
56693528
519669516
999747703
92394308
227966253
616390330
962115149
330346638
967453076
124021420
501880959
857314008
82417967
89159568
792506369
612467690
829041332
607926273
432439149
839633138
206505552
364180724
88570276
317159276
586938710
30831310
716940599
55555484
241036709
409211658
125226034
258239162
461956772
10604821
772723951
820957227
223554479
989150431
195118825
782292027
819760036
833230871
790772612
927615226
882734797
822373765
577712696
25150919
808199132
183334185
365635443
169309013
879982563
429333495
930523210
159585209
199062186
105331545
670018367
254117062
695392478
527595189
235243135
736306124
191454809
732290391
908430365
885627952
645350390
750587716
12482606
657900497
52038663
398986948
820759203
171466747
496629664
782217139
524954849
122530802
360601863
162103561
749346764
109082387
399975350
90219829
542650121
72072998
313680578
149190635
818761186
271602435
294897596
691882009
777170074
569567897
174537954
14370047
967483869
58434486
374922235
333158449
407529828
257349308
167709507
735862491
102903313
431827482
52945960
587420442
176399464
63852653
316790291
529401619
780062131
541772001
175570233
962795869
50992619
482600093
394090880
366518329
653000461
378049697
109589441
666746118
599298443
961990325
824669814
666930856
399975350
145182465
50476704
19375646
925732687
369954215
823462629
740432361
577925262
348594037
723601466
67519110
944618732
891827260
964577832
69065731
497376585
773700170
678711366
536602325
451985726
588464436
911204743
419580275
789783369
721821336
512886107
333296170
34630457
984526533
533832570
333074686
76347739
393377641
666746175
158823568
621123368
659264567
370467911
602955018
912191528
86105860
687767068
478446034
241484907
142960344
456777915
136771434
654140730
601854857
99788765
211249076
473018328
787958661
146325959
78074676
857314008
762326765
273978408
901323836
193534254
413531173
312604638
119689630
252508667
511103197
362428807
677602033
622137608
114416288
922910698
74714571
630474141
611067950
238000736
759028097
654140730
789738737
335317503
17025425
999551492
148523449
145684145
592140390
548482765
223758851
686345952
920480199
932410776
39621589
586578159
74458426
778950166
381432164
824323616
781823532
856808640
820913199
665940159
583787226
33323443
138189958
695393521
35370433
958320638
163576429
684224861
116849946
440712637
494706867
107966576
84292344
38778270
599399641
801731918
303368917
17535893
113677502
71472406
366982597
60895782
211661875
326251455
208334346
474109345
400910122
520800975
572882647
770409587
879381497
280838052
464155415
861770042
683295723
865325917
855781551
882214615
813009610
639468318
134274650
360601863
21309365
886658527
879668555
948177989
34723084
777486298
451534600
969313075
497559082
327328639
99295418
801988824
227799166
363644047
643000505
73581411
909749597
408464447
63261909
907951202
598028392
840506041
497092283
267051820
746794579
75190050
674704428
690597023
360935112
205186673
189685310
775961715
228393735
49072976
904195129
858260569
968873679
58778870
750588990
934012533
612872373
25141346
318696259
810784618
949694132
193497230
935349871
408327093
376620253
777177505
912010627
525921886
889363718
177101177
29774226
965216999
211312579
382563264
719507260
323840239
988058546
487353745
69294866
226125270
323611069
291513365
112834436
115847913
309721730
828618233
237346687
429039335
916911199
911040292
895425959
136482174
362793091
661402572
877728665
84592110
226727966
583116589
599298443
497376585
947184130
761685613
891135843
712128331
813987290
317175811
448752063
339012533
113677502
334204146
583652837
607926273
225215407
167502842
724364670
104025124
305463375
335634387
293516304
740423589
12838869
494560632
623998112
866310430
550050020
60879050
180737333
520413251
565396419
412520563
259230788
393000755
124299099
120426520
382563264
221513738
475191198
620807437
98330917
50192190
95832771
269547118
769371689
882801383
420753414
473717637
653000461
608558627
538129466
523131303
268998781
109370787
420300460
933849064
63256522
447545874
928193994
351687053
5587863
484737498
474887277
400446385
434210244
891371990
21523250
70336807
723488735
957279201
291223329
655254025
383196419
143760736
749346764
418054259
572125326
377759388
422766937
990355186
518509022
785818850
643000505
560741859
408056084
26264069
28360186
827219762
701130340
93656731
63631549
706546003
980174200
375358834
112866719
700854227
529285673
606670571
75032452
769619539
555795448
212230723
447988835
823137445
513353483
419372099
56234276
637120437
761018343
307381986
990348050
19252071
76869123
687153612
703970079
765662979
280017626
844210580
932406759
20970475
541932706
985213199
21677035
923861972
610638591
319199156
911055077
483832329
91339158
108775545
167247649
162100677
7425033
840846908
853848917
399975350
38497295
968873679
343090225
373007693
554882150
16662222
129371085
885627952
44673669
318696259
772725818
287087120
944364612
977585503
881278056
750880283
945949990
973279808
475191198
400910122
524954849
340063919
761656392
989656995
330346638
856804311
180618940
956569762
739318588
654140730
408238783
366982597
290468986
265694432
652810461
751504576
103927092
578384724
149094363
99788765
517200787
203308865
461158324
9971376
778493168
703970079
100294159
943842907
393216116
138037077
404574308
379291886
618473886
187828843
509119078
781836716
379291886
752771570
944760328
103978493
538680787
988058546
348594037
476844735
495097941
309606402
49813887
123435754
896249180
366982597
152745073
992193632
134236434
320016251
360601863
215114067
891371990
146325959
62175267
467159808
923062795
145914038
23281343
210977537
46598211
847436573
20641847
87071671
335634387
415585218
178813573
510623799
342582793
464121
143389925
647446066
259677758
202980938
520515298
914142968
778950166
250913186
509401236
228280020
170238221
709503180
299010068
653000461
54878008
875803094
604879103
86105860
934408574
645977736
35639627
89299106
586413537
439229101
926722980
529106356
635214463
2259049
299010068
801988824
626284559
287203122
214897243
94484870
778330295
453052712
521473062
181490311
138319388
378311084
780705262
853180933
168827787
658969124
165205766
540386181
592364931
698328592
717458678
160551796
431827482
796792191
511067785
129522240
6006932
786030328
16008392
423223852
663636205
794777506
760022663
68731025
755796624
610578838
724284688
133109037
383485041
52169114
771662958
926849689
741333562
201037319
670433421
114139220
442537846
33877419
406091736
247826108
699267230
850064694
288854785
193413922
648179394
672965983
473604707
137219344
464155415
469430135
122145095
144194882
997489485
942155116
114672039
760259600
50192190
764490930
771256596
537447120
208334346
131925610
202378807
607587511
804200565
288405804
249479553
674176771
577663427
554793850
203491236
43841598
291127318
909129433
472080256
348594037
458735660
786832717
458274443
29036179
272478179
182062957
45591003
737807586
700921314
105995663
244228337
793451328
761018343
602955018
268707044
41941995
31060031
620032542
865291892
167502842
618367490
95380215
409166993
562592163
695393521
442095177
22164239
535999315
433207072
839268557
728706395
390474561
291224106
694738798
155428989
794391445
246440441
286719707
879508631
288499104
706455436
734366278
692237796
209473903
357585895
89260858
94176829
317365730
707103065
17572896
876877476
501075015
33661026
242374479
144414697
330402707
176399464
958320638
120997248
688628336
971489042
803700049
861770042
32037540
688988391
498233767
866688546
40799455
261160622
450816918
439427123
423896356
107847801
111496554
835854091
781260233
630474141
122939840
562963284
564958576
105501778
4576744
20997302
836207461
399768767
506191217
752594235
159128217
443656809
164287518
752214036
940635129
318899234
368979238
128521046
155113791
707256216
510034743
405826857
404080243
688988391
550050020
55225396
180172856
64384000
398653808
433207072
512494022
997759512
138310430
821777314
649243259
476059658
341453304
659646270
963618198
163967331
927887456
16844722
724944702
438482598
712374183
705868976
145908593
318899234
230771134
688716775
947623286
147165042
945218995
859817915
683269247
437346237
933454770
172298738
703970079
471697516
999287321
587337623
676429212
106662435
821815669
451985726
555951539
56491931
776929249
20431666
686781250
263836071
227111552
644108883
884667496
355047890
773142864
113677502
764676460
30818411
725547208
854449364
60154348
254117062
74408079
107810986
512494022
875803094
308358785
60784709
992350942
94272981
790186703
318899234
727952073
365832436
21554003
906243092
942985586
17025425
248951619
21861423
665940159
743422445
156359623
267861683
611778069
101846791
416016105
478446034
195224827
777543322
712128331
730574511
206730229
412330661
97079194
133193029
773144953
538866256
277456442
373007693
875251722
114208514
139393032
685875810
909129433
594799651
149928595
724364670
737239561
330829425
778330295
475191198
420057197
787490080
554926038
997046217
133193029
347761538
412207426
7435631
66098879
761415516
223252271
333074686
760015013
132813856
360634082
118461348
740432361
165205766
70633957
971870843
11724065
988673101
383485041
127239095
496910924
493855674
145731581
628388815
31562806
244836807
393831478
99653198
239778353
110480808
127770522
466153335
907631525
500241972
106456909
674007615
363369947
133821184
348594037
792506369
311128770
656530396
852508977
593345732
466253246
308518330
440712637
785667524
629510848
990098908
33440352
653040627
114775585
557316095
25141346
792506369
804735916
388854285
19252071
376940358
793451328
255321769
936135167
368999892
27272331
9946051
49685623
323353274
45379090
107847801
857314008
741450579
922753588
705973245
382217233
147189167
401492163
496506370
358255405
724364670
712128331
629750220
36610678
936019088
263836071
773142864
593082585
318588424
422644929
615523125
909129433
189297493
978776461
736306124
17025425
342409072
835500048
590011675
92394308
116849946
870232054
423165685
564223799
281614044
218774635
618190433
586863348
398836609
679738922
259230965
333158449
366518329
74458426
502789226
297511067
551975407
153777728
953430247
79180016
616362667
501880959
830095506
672167099
52312652
299010068
598777506
865151260
21523250
131968306
394066996
125190693
533770488
2272439
374951227
988058546
726394929
23641201
74784970
609608588
625726395
856768000
252736006
129587884
179151417
51309207
65164773
96719196
110287241
115847913
281871991
69979073
179151417
471916647
801845562
95380215
366738351
736367134
949696069
953516289
973881370
964577832
201037319
439229101
657900497
408999679
578138365
62589840
504325692
709043253
864547676
778330295
57046868
712149454
330380909
165205766
86105860
335173827
119080934
177206233
552182596
622333011
599298443
375358834
961005893
194713095
76298939
705203992
337983494
76869123
821815669
46346187
545427899
683739396
633071393
771447929
430340728
239778353
963458621
870874727
179461873
610786141
444922645
713646110
850821637
851805126
20641847
982159675
428191693
990820964
728671381
325832648
238146196
142132512
777177505
415585218
110287241
189384957
820913199
436100842
859455651
6151501
72467230
796183674
63261909
919749637
888818617
435861855
586855107
519041953
654140730
93597466
990355186
17535893
323840239
973304302
466253246
656150740
473717637
592945307
337285515
586280585
31459129
75496998
605697631
298904649
299010068
945218995
311804637
871538143
338580266
979593232
487745312
273978408
669952784
923436534
37650756
134236434
123735218
247946989
158994024
376916318
43841598
34723084
251770667
56491931
746952812
27815607
881117554
955813464
231674513
144645478
478736333
580279536
51309207
349212351
871359463
856307572
101846791
103779824
379291886
781955045
192369586
404194925
493083911
148311710
412375583
276137779
174623533
81450062
276137779
244228337
33661026
640306716
505621384
54829799
299185447
79139461
474207637
776468400
740432361
911055077
710560986
606464658
598166761
562545480
510871246
36635500
45925108
349771866
831546158
962115149
879668555
509112312
713646110
839946662
309912643
125866752
95562517
100294159
482879399
228280020
215714766
48003353
201324238
193374954
45642444
501012280
473717637
520591358
728023599
114416288
212230723
856172789
362793091
926637770
618367490
726115474
24299619
381797391
305454727
612872373
797291099
148311710
663328101
159128217
937592283
224075958
218633471
744591325
374837486
427265246
69620367
132401739
145488261
23641201
971303709
550873589
504231824
122742192
427276833
779607821
204984546
674659296
92394308
848042164
225845637
598773872
221452288
37700897
572882647
899913961
239778353
107000754
654140730
444922645
952107278
5920357
561186435
722776037
780055231
684507728
786832717
393216116
793843635
309297142
351867121
431750033
965223510
230986575
399066890
297511067
115970355
907906153
469430135
459954268
116815765
82328828
330346638
171864072
800818655
128365143
928260764
145731581
40443247
508104665
808273377
892404795
625118431
421256498
4576744
902057663
919761087
11724065
529157139
70510766
965216999
63204118
642945510
114416288
376620253
238000736
491431837
21338718
501012280
608971916
271602435
33877419
801152334
491050971
386379049
360280109
38301913
145731581
501075015
386206191
969474054
836207461
596277782
465677063
123196726
520880885
413142638
35359236
255108871
552256882
761586404
681591241
377642840
21614527
850099538
483037561
679375369
16662222
364426646
108490694
126839756
949907890
109144616
140611707
520591358
608701244
373007693
978776461
780158664
351882361
82328828
577685585
332237958
470626198
533770488
5920357
466982612
188481394
388536227
23281343
82328828
335317503
773490277
472833233
946134400
58930219
846262683
608971141
223071159
528984761
187160354
332434844
8375093
825159766
541315655
472817993
294168281
270387262
283148233
349771866
513353483
536322852
226125270
493083911
310017926
695602853
541197035
869206914
36599583
562592163
105338821
8666371
502340148
163967331
76039415
212515160
107159724
412375583
623593329
7279971
82417967
182493303
973331872
862570072
494706867
497376585
364556814
330402707
411324373
652810461
286989490
559503221
638271502
441399509
150733032
801731918
409939842
286719707
457767852
640097157
228659302
964577832
89002034
537305261
875803094
645317845
335317503
125333823
987908644
592364931
518726821
112834436
24595938
114699411
486962757
9583308
337527907
393831478
813009610
132618742
729376630
850401475
919749637
68219639
95492395
160195851
444922645
183589099
890385876
326251455
68700886
698751768
291444726
904195129
467467188
654874516
587056960
766884074
417930720
431766874
139468712
993704053
6542682
426257521
128401957
32037540
378049697
589404312
163790617
496629664
484893555
926935251
649365317
382944984
209473903
20856921
522632022
125770694
88570276
587069389
497362643
101303700
490260719
912191528
86105860
665623353
11374223
819223333
778950166
241842782
815084667
28234374
543278716
59397839
115944615
810059
21888427
462471268
618367490
859593186
947965920
454859161
522420133
841641469
374951227
968873679
927154290
946134400
695393521
239682080
821216825
559138903
462015637
541093821
184577282
496629664
23641201
878878688
400056724
396663104
230127140
52716650
878461798
399975350
683426451
17512475
252904593
984385386
314170216
60137008
512053343
930337046
212764183
335008021
661589850
674659296
92384616
799151865
269606258
108969627
419756153
683739396
76582892
55976045
872751875
789497104
710560986
975889773
657734046
259230965
668585866
705813513
810059
530361691
388536227
401492163
987847651
6316859
400645461
26264069
247946989
406183152
830690655
601451549
279191304
155428989
475191198
703832983
466253246
87097957
488190649
201129676
588464436
85796934
498019364
281871991
802348052
414069782
893121774
489861125
8509903
206662369
660194813
452687982
307659289
209494850
657734046
684060421
889870489
163257323
416021319
460544464
205186673
525116792
771256596
737813551
475665408
980053003
276858043
698577347
241036709
202230213
496650437
644108883
373732549
674659296
74468285
73264790
896249180
95380215
675164700
27262257
750093576
235243135
724364670
451985726
276486005
220230660
107819889
73213304
107847801
781836716
501880959
52945960
701346298
734886734
891786478
919854381
470478066
798985363
875803094
458851775
993047306
685875810
961386775
312182779
114556835
555951539
88200654
1195146
686931427
865301657
186191632
98961030
286737995
815674355
99295418
871766179
8777799
910695394
611301009
831982013
539451790
67184770
187007429
337576503
133960191
144414697
123356866
242824601
843752839
152273687
624262881
705868976
68355603
38384702
777200648
736306124
600682497
75727878
19485089
473574148
932410776
519466699
273978408
953066707
582221920
43891783
253011107
583598258
109890426
537548175
795246289
407665641
446498778
126715209
909129433
171796231
912191528
436100842
318988504
383795938
795792721
502335952
711748167
824368435
830709137
540741503
67184770
961620364
209494850
561741180
552978184
13115610
374948714
404589501
140223112
509208445
858871183
966384846
685875810
352494179
911204743
444922645
780437020
423002111
831988772
149134593
619195872
840038924
245563591
371011978
488205133
632367636
335008021
134758756
634010900
438049916
584465495
786116724
848920029
682275998
897407249
66098879
114185740
923617879
103167197
129522240
863832227
20477548
120997248
894839213
101846791
586578159
233649786
504142358
683151080
572101839
800705075
19858129
736318150
37379408
554409945
539449159
645977736
491431837
300921959
257706232
282415148
52038663
52532565
280838052
301213736
88200654
530962973
564914720
16662222
108969627
49685623
370201162
776511336
958505214
158884605
96816055
182493303
771256596
308240834
350397626
635926990
451534600
711457629
848042164
399768767
247293560
404080243
657400010
935349871
25695385
2902488
29400625
133960191
291224106
39288319
968662351
813756979
401492163
34147626
731816450
810426581
258121838
665940159
588464436
274259827
299437902
171035632
701219850
106681433
114556835
625003825
416021319
176969011
695855355
980382296
698117176
501075015
54829799
794090890
348789870
376670507
94925989
962097708
954112342
31967692
836351752
381972875
272478179
692921213
86545667
576043101
585828127
400328831
665533820
582764157
68316406
484052570
968277636
399835039
309297142
182062957
124503647
485881446
659126134
338579883
82873080
626356776
525921886
155113791
443561476
13804099
737350117
441057560
181888127
377576525
792506369
596870177
183195254
326213746
211580229
851952119
882354398
626356776
701130340
421977861
588791232
652385228
101860108
140842104
937943522
323840239
615213172
18737517
398986948
782292027
454514793
829041332
116290191
776468400
303576770
927999176
321323817
951200170
687153612
346592720
245852813
518726821
220966064
879088423
949154691
416021319
504062094
781955045
33725646
959978355
110287241
78987764
512494022
879668555
621123368
638848531
196348671
244826515
1703889
966384846
179112569
94624047
414416229
520800975
623478516
560813307
930845264
63047535
16179969
475191198
101860108
254644025
726115474
93888789
524954849
649243259
688988391
57161646
714828613
689025524
953066707
844358186
922910698
919854381
188218942
407650696
133193029
910945550
24088573
419854628
304340392
695393521
801988824
839946662
728152473
218545360
86246283
43344195
306090180
780705262
398836609
443158677
578384724
607466708
397847602
149892917
345568438
156443949
550050020
366982597
809264466
52038663
840211788
333074686
882722373
277538527
635459590
366518329
173576865
697055853
564770610
28489763
68700886
696958916
74796888
472817993
178154278
201795479
128505656
911225304
806969287
893543477
9583308
120366964
553869473
670755376
563857457
557137177
639283356
417725322
512053343
475785457
985728848
94126516
595558913
864593810
725125489
195612965
96560521
935510447
259677758
522420133
5920357
305516052
808189662
839268557
20641847
858260569
987924482
801731918
593082585
280988046
642974809
32024015
621878278
355955857
383485041
990817401
599298443
119401907
349563584
907978021
177501350
878653861
939106453
281947120
469613611
193374954
14970965
392191636
36610678
536437938
611936760
935349871
37177997
821815669
469388855
881713259
96183126
462015637
996227144
489908497
289493531
607150941
656559479
173913085
736135950
262887009
400446385
908122342
367838109
663385314
419417691
245602384
302953554
95414649
212230723
963458621
890642904
482500252
392191636
254464554
725001217
976810831
13506961
679630653
370085625
582976238
916952489
701130340
265238065
612810016
464835289
461284707
100213003
50216742
777543322
652092028
894416410
43023806
465919947
919335343
699267230
907978021
275159635
184623555
958753299
908314395
617057265
909628473
655645046
420041775
773117083
330094431
588308453
776929249
150731422
99653198
227137944
844358186
66788125
13677961
314436925
108999701
351882361
861424880
826532610
307552041
489717811
634473142
553210368
781823532
607926273
130670911
921596316
429039335
710560986
35029021
289870995
876697671
89432266
337118934
38144236
488382171
456995939
57666928
674007615
645305737
857555761
333291414
510623799
762043495
279184268
878858684
813012232
700790813
717781150
945218995
266692819
589806848
821216825
171035632
140223112
233045093
736673758
187443670
228280020
969474054
392016503
695962592
7016093
600846215
217681453
101303700
143682913
191454809
382764474
467352885
699267230
415585218
743068219
8375093
126644458
1619689
599620068
17025425
487267890
703194586
459286096
270694119
21461324
102094874
657914075
495929278
295191139
864830986
757160710
929064353
697055853
431827482
377020687
210977537
730607318
240090462
894822867
458274443
573084643
530475868
733045483
653869130
277456442
364883604
429249642
618616541
265136556
370467911
414744959
354204966
984884714
207071182
981150066
326837663
899140474
133245996
441410698
98186689
828137517
29939354
803040049
908183527
694874656
847727886
308922854
545427899
21888427
454185033
20641847
652014921
108999701
23281343
94579449
914502722
879668555
401300154
9450420
828797932
538129466
541621688
652810461
393831478
178810514
634764855
271113633
618254093
793843635
414416229
24336974
943109651
828916494
776929249
898648545
333074686
14836933
778493168
491431837
227781919
890821003
606889289
689576488
346135856
917644539
897637147
212230723
893543477
848436443
483547009
92481499
727089944
188663263
102540781
618796175
947643976
438086873
769691560
55225396
446751357
963194455
532763963
580279536
241036709
369954215
365956857
92394308
886092659
55312521
652810461
36610678
585831908
632367636
549049375
241036709
302699903
794683456
594799651
163465063
180618940
40616462
618473886
444214981
655254025
314011717
535455686
770632674
326251455
489178657
98238582
737855176
736135950
928972397
78074676
990355186
958320638
67436924
415589544
577620624
709270349
801988824
840363497
436153940
541621688
371603820
139898628
246427219
446498778
304426273
252904593
910319277
315379332
748633372
319245929
259230965
48055412
124413820
824756681
298692299
236268719
78074676
51155806
580279536
129522240
177405180
235243135
248192613
331887767
788455211
465470921
484052570
839243113
904195129
413747583
22164239
536421461
963458621
154392883
76908178
929841513
904495988
181500400
408056084
204056341
35514521
365197404
904195129
137023286
84533975
238000736
509112312
140611707
133667932
570069295
281339522
979957204
469942989
776929249
182062957
669158862
407861331
111466592
737239561
705886335
880982819
23641201
541621688
146336607
381062573
526390254
185975089
502598783
111712872
496629664
291224106
495588986
466331828
176274154
830448716
200393828
444230222
903742403
928260764
108969627
90148985
616676064
736318150
318986742
140611707
195966123
56491931
812843491
949696069
110287241
995455312
502724846
861770042
512494022
778330295
133960191
186032249
978776461
891031016
915974714
349940884
381062573
935349871
201037319
108531224
374951227
144414697
757160710
358139804
105338821
862031791
252275151
95555824
605882835
57161646
734018400
475618372
920054591
773490277
849556536
599415995
178006754
238517147
163579965
351882361
180737333
434295310
214335618
653441126
584242654
993984837
60540843
386540716
831485496
716426214
857606451
182535737
982612611
113677502
829041332
707876426
291444726
524771051
923861972
39416713
69979073
304441826
93656731
857314008
392220942
719337077
599631168
783535088
780145654
95970018
7016093
716879608
659717386
138319388
36413560
409707222
99788765
30300371
417186937
847654998
815780225
276544174
577646288
950104107
963050649
854475966
224841843
317159276
393831478
240090462
219492986
596604143
3259339
630474141
968873679
20997302
58234982
412180340
209009728
706403263
812843491
540741503
826845051
294033871
146268215
826770221
578265165
643000505
643000505
344547826
23641201
880430314
263836071
572125326
728587987
590011675
928193994
26604677
533770488
872325080
610016274
703951439
366518329
44049377
987541896
736318150
719975080
958593448
743422445
908456691
388271476
658113167
877969996
879810503
878323612
453027439
404744476
498296131
552410919
988992755
860135077
919870237
6261215
977699700
63789127
895054123
275159635
655179432
224028391
529157139
25141346
89159568
495097941
898459227
99653198
173576865
938810212
877728665
949248565
4576744
690597023
249782510
884693282
213663304
297511067
966384846
91339158
16265002
674007615
429333495
297508797
826329117
77347486
588709501
150733032
604139264
143472146
837762617
41972357
678545618
88570276
501012280
51155806
88252850
223071159
871052384
442163961
987758004
178810514
520591358
489861125
275159635
495929278
710560986
713646110
330436842
773504458
119080934
143472146
835657521
183589099
596561172
874675501
512453242
626356776
879397302
881587445
222047192
675878276
549539250
276137779
148311710
286719707
768853854
943707579
388555357
583787226
798606284
331515057
146667088
775915077
129373794
877037356
503906095
955915967
960200277
41941995
249789650
106069218
965223510
412426873
276200678
847994887
661314103
628333380
778534400
103536561
599298443
265118465
629537687
727310898
456021536
431827482
607926273
995689746
538129466
9309167
70712001
656068644
706910561
393216116
273786986
872495580
841258873
828138009
895222080
399768767
462775328
98405644
253853888
550873589
159515256
584210812
270000942
657900497
881587445
47029773
475191198
16662222
870491088
597457912
869574003
72232044
927707621
529590666
125574672
477007586
352258206
475343095
109229532
330346638
163668025
240090462
442095177
835431832
584292183
87677616
813093070
501075015
40443247
117052215
78074676
835723144
49281941
475743410
753814425
640306716
248774662
746670562
536735237
112834436
670018367
155113791
167869646
266374968
710560986
691302165
293631919
238000736
891308195
935349871
143973420
212735518
215221407
495588986
456811496
293516304
529892287
400334557
9583308
929064353
201795479
46598211
860348355
887387758
146777635
675164700
264834614
214335618
960025416
715971800
921215434
640199320
171035632
245004261
134262403
257791157
112239133
710040224
280838052
74279608
184932848
42386527
602555366
669973214
932410776
683151080
957381323
810982708
535455686
929064353
49813887
30300371
156830815
688654076
339177328
626619065
620136380
495097941
472817993
999478064
707806073
839643989
214335618
567404057
49813887
782229634
935349871
501075015
60540843
65862716
493083911
839268557
179112569
991905088
511173212
535899562
485663294
21523250
373732549
495588986
598777506
844758267
56491931
332498108
658893339
740432361
485663294
369244368
52410152
628697894
393831478
421117171
989359585
239795221
290661728
899249152
625003825
665831998
499124821
903058180
107254222
879668555
535899562
526158739
383740704
21523250
493418032
218269351
521368442
333291414
174623533
834738066
434756216
550873589
792871462
900625272
792976977
93656731
607926273
752459631
429333495
6878286
939106453
217556085
489908497
834849067
147705972
779764385
881866544
123544013
76347739
630474141
642511889
703194586
998163870
959841344
116815765
757371453
70466276
819682675
367820837
702741151
191454809
810059
960856192
144069314
493083911
408056084
869206914
82417967
540741503
349771866
954496026
366518329
480863532
812843491
849165296
188663263
920054591
564164914
465919947
146325959
644108883
643000505
509119078
7045236
242374479
881713259
90571883
867266977
469361899
963027917
643000505
550050020
353704186
127049113
992884001
129522240
653040627
836070642
404430621
268707044
226570282
123497378
351882361
393776091
835729213
386379049
582074049
499372619
144959803
438086873
969011724
801392945
738070304
10159853
927887456
692037001
156183000
125606510
434756216
411813920
80639700
963616195
355050246
600846215
569530020
244228337
391032142
855781461
847436573
906262581
521312172
400328831
129550258
973328581
524485483
813009610
174623533
330684182
252805211
670018367
770409587
847727886
626356776
967112242
596561172
252805211
467352885
150733032
448098064
445792833
654069055
824469838
884725535
705973245
276137779
939106453
247946989
35359236
703832983
903936805
163579965
7016093
659151964
235948301
683739396
148311710
39514072
35309336
388536227
865510832
293505033
69979073
686642539
332334677
126660966
211405019
961386775
377576525
41941995
79139461
362172374
383795938
613281668
400910122
756038803
781955045
460119778
432270844
136673845
509886994
104540545
99653198
737185646
869206914
611031080
806368066
333074686
373732549
781683092
75704588
940635129
616744690
218347164
89159568
404589501
145399390
899249152
698459067
72433044
935986385
117958086
657750078
697055853
507788554
815333343
68700886
328556722
984884714
536356796
471404576
116167761
350372969
977468436
112433216
877728665
554409945
737239561
277456442
44184844
821622986
925732687
99788765
280039794
58982209
190102957
685692019
274438160
637120437
12812543
865825107
450971326
879088423
141309964
478446034
76298939
861693641
314265667
493083911
721821336
777170074
999214108
798985363
844358186
260613086
443554001
326251455
110332724
273786986
564223799
589806848
509119078
778950166
580572641
252904593
679814620
850942528
210975197
586578159
285247668
809580634
788660814
123435754
813009610
979444276
523978405
501075015
61242671
383676818
515929448
227430158
878461798
723488735
822373765
902867210
736318150
274605048
946134400
243087274
420041775
333291414
24595938
119347600
195118825
408464447
367140025
974714966
930150923
490148052
88488553
3237093
79139461
655186386
826214809
277594420
800705075
914377830
684507728
682677779
339610031
96816055
599415995
377962246
638320798
346799271
390611814
37299247
564338578
874649338
812631440
177501350
473018328
914536118
659151964
15199434
718635582
365962576
271680
923801272
446498778
387474403
154392883
42386527
272478179
46598211
701130340
163579965
852168294
699080079
515929448
145731581
27821468
144414697
472817993
813012232
133960191
94484870
693282552
900830766
865909273
313792385
963027917
111437986
687767068
169309013
965216999
128785902
517477425
593082585
853569800
182062957
788695791
449270106
180618940
26610181
36610678
125199757
828137517
25141346
35930325
508868372
125226034
273786986
736318150
911055077
420321422
806969287
863767773
593082585
437498344
901136748
420041775
541093821
91339158
477347943
691095838
806326658
722213553
388536227
487364141
133571406
461486311
569855755
57046868
214727138
223071159
164974977
133960191
507930762
875920992
329154549
824708468
971870843
400755956
982410923
103167197
54829799
813012232
501325502
508197678
926722980
752459631
895083646
935929950
888694848
729603354
291176359
32607923
911204743
744649569
364047371
108999701
180811630
773144953
228985588
46346187
145400116
762818352
79139461
63465245
698343349
877357304
991700705
594974112
475191198
252805211
849070904
860135077
127167301
124629252
693420960
147165042
782292027
114210697
537470812
71956160
884178946
481343982
441591179
477178519
421266041
399272155
131720523
135013751
391569810
916895631
65862716
404589501
430340728
99788765
297511067
181888127
688988391
59413784
743068219
796800775
770264518
171035632
122048231
297905437
114556835
272211364
469942989
777489406
717844091
171035632
259274589
596561172
820913199
821216825
978818100
699267230
120997248
777170074
607485565
945218995
214897243
860791198
108999701
894416410
920054591
250929766
227111552
361761791
751563240
747507534
896249180
469942989
518163776
125858620
489861125
786832717
66098879
592458367
335634387
49342087
461347395
199750614
343900894
28719413
904195129
653040627
525271857
617157666
180650349
820759203
152816940
439229101
11438040
465919947
762339868
337576503
571875741
328099113
46598211
875920992
120625309
50036154
45379090
113677502
225400859
607089779
32037540
367299542
563681096
113677502
593082585
612872373
3259339
263836071
30633906
558280910
19858129
821815669
46346187
564017294
924914982
626356776
166250708
103114365
635064530
726174886
521574410
874675501
919749637
723622726
705435226
853457874
468907409
625302502
527329625
342578626
323840239
289162208
515929448
167242421
92772844
438086873
683427438
973237250
327855643
550050020
219799177
118243688
638268852
376670507
804698801
107847801
862556272
534918426
145684145
78739694
849007773
451534600
510623799
895082242
483707124
666746175
134177808
773142864
63631549
487552926
900942189
743044949
767147874
126715209
857140707
242821164
565052121
31186763
844358186
393000755
746694441
897588950
675335139
92394308
899249152
675819525
657656748
68439809
211493372
376947898
676602124
330742487
747259757
414416229
494560632
935349871
589806848
15199434
68700886
878461798
606185543
663423095
240090462
520591358
60577853
703970079
860135077
209494850
795286519
839337408
117891844
927707621
894416410
48451933
256019004
623701828
726174886
493561983
904855542
376670507
655697456
596870177
471404576
733104356
53751950
681061074
123196726
215714766
737239561
449347757
525921886
653072429
103167197
4576744
323840239
37926745
360601863
734018400
823005535
199116883
430340728
277202049
926254600
163980466
830892713
867077020
181888127
225249673
847855825
228974228
993984837
100294159
464155415
702315683
992060638
391690331
686070253
746794579
60275311
943707579
161790571
625810370
683663281
242293374
325554106
4524912
291224106
52945960
812340450
874111385
29927006
622137608
891371990
193677813
963458621
7892445
642511889
421659656
885939108
4242292
119080934
693987297
857314008
699267230
88881594
709043253
101438194
620672104
476844735
357640782
78739694
8836504
9257333
665288995
827214715
79139461
7566301
273786986
291224106
686931427
247946989
122705019
454515466
836207461
990348050
520800975
952567124
434756216
554119584
20641847
56907807
780437020
692539596
140223112
317159276
142349201
879668555
512494022
211405019
679814620
613281668
495097941
442603434
281339522
754446971
940277433
785812124
410150355
43719093
636508372
176346330
206662369
57161646
926722980
869547162
864326339
230986575
29933685
299010068
208334346
223071159
637593604
533447193
960700088
721140053
465919947
587970009
623593329
66949272
246116994
75104908
286222075
683123524
23295621
330346638
713646110
337576503
448731468
737239561
988624156
868434815
850821637
674925211
400328831
552290352
571829034
112433216
467467188
653040627
26264069
644108883
420041775
234602932
986819219
984398814
131925610
860506315
802204420
821216825
289493531
773490277
281871991
29939354
858260569
524665528
501669395
286719707
63631549
193374954
8375093
911040292
186054649
408999679
945203915
95631242
110140925
155113791
623593329
111478834
773142864
114208514
809475159
236715209
611567681
214335618
89159568
541114883
335317503
549893624
961386775
438203975
145778742
602511920
458274443
65440416
939106453
689851634
209494850
335008021
795286519
123835212
615760593
757160710
205741976
471404576
109792992
282330114
758544734
510623799
249726933
844210580
242374479
624142525
777170074
600218239
979444276
621123368
173398407
473717637
778534400
52705620
882035006
473018328
330411052
156961958
882018501
836207461
578384724
591444276
787209284
72977585
601286663
99295940
318140165
7565104
926511128
764573240
913808802
917244308
833038370
189789699
3794511
670662874
806969287
976202244
333291414
514721170
647427656
640910132
17512475
908032473
932410776
44959351
501880959
143472146
114416288
223548016
615523125
986833958
147165042
271602435
400446385
727655647
108969627
518395357
23204374
694378356
475343095
71963166
46346187
318899234
390625728
628882851
495588986
734886734
683739396
911204743
764676460
829041332
23281343
281339522
893543477
289443884
509675512
259677758
273786986
109536774
513401568
672167099
33661026
103167197
36599583
238146196
470704414
660063829
197116819
59397839
732290391
841583973
900364051
613281668
836207461
216095062
695393521
57607325
895128477
831052692
844358186
731601349
163967331
335256019
737813551
256262852
421244559
299050014
96816055
86105860
67411559
65427641
958753299
201156176
482500252
450809110
378311084
803945892
615500594
575313814
163579965
132969309
304214241
719030070
966675224
565629385
564223799
362460028
860135077
115847913
414733767
861770042
35359236
887882966
208334346
959754132
776468400
99653198
420182188
580903033
489713462
682168758
363582951
323324004
891308195
775304376
299247209
605162023
126644458
376940358
148311710
35359236
219659752
473717637
925732687
903742403
232837185
829217088
806983926
290666415
43841598
344547726
962097666
374951227
101544704
320016251
926521695
280838052
496629664
115209305
129062647
442603434
214897243
861693641
354417882
92394308
946088471
448124640
198291411
859593186
112038571
167502842
116112032
24043647
280295037
939592545
364227793
209172282
218708468
670018367
331456379
167591502
120927647
923861972
620320089
968873679
613281668
741723043
705868976
252275151
253853888
964577832
382944984
751002899
384429855
830829567
198975443
421970351
736431723
238000736
546038627
670018367
688988391
739498534
173614474
357629795
916196695
227781919
555969946
800101744
813160689
760935967
923861972
20997302
610578838
73984113
526849778
982292958
395732402
400328831
599415995
615576732
701219850
470704414
637120437
291069985
801626337
424537314
536437938
714898452
946134400
381468052
146851536
210977537
985372473
849471103
601351635
61195010
990301211
736306124
87800308
29476026
370467911
679814620
991128625
133215435
874649338
88881594
267159173
221513738
166570471
707806073
512536559
204500242
827782465
128365143
458274443
969010211
570753357
562592163
651676039
204500242
429052331
661935120
494560632
517912798
76347739
744385130
675878276
399272155
967763238
753729140
622137608
968873679
4856348
836967258
794090890
689576488
781955045
22164239
4533988
449270106
640910132
114672039
894097355
965223510
810059
999214108
271837411
228021285
736318150
166374802
495097941
46706286
415585218
404589501
176346330
527488125
784336541
675338595
336607554
6439729
307429984
67184770
777489406
93656731
634175260
120983975
640306716
410061221
589806848
392191636
811304536
538658749
164885990
30751092
583787226
434427619
727203728
309805092
252805211
998899754
376940358
158210594
521123069
182062957
29497915
114416288
253492283
617057265
17491123
771256596
875803094
536322852
234653284
21677035
780728390
398053893
320016251
859926203
907978021
49685623
335669885
80338334
943707579
46598211
484052570
710646007
841641469
747443291
45416465
196484300
136336099
555951539
478056284
703584836
161790571
774154577
629266362
538516032
494560632
610298263
869206914
502560056
502340148
65862716
602955018
801731918
603843925
17620725
20641847
51309207
145731581
391081859
465919947
963784471
560312796
366982597
984017591
884293105
58132985
636549320
219243902
491981395
751939593
277479877
402580356
851952119
874675501
59902630
972731289
958593448
734038245
333881200
237559515
768904938
865909273
144756893
324393784
144384742
766743323
184932848
909129433
238000736
107151706
706403263
239795221
589338501
896249180
640185439
640306716
489441555
928260764
323611069
841258873
376231007
92384616
598166761
392359727
291224106
161686050
994277466
166781526
32037540
116342492
206470133
627536352
110287241
214335618
241036709
110036186
792506369
881575856
125793265
513353483
983366894
253853888
821216825
573084643
118793525
398053893
684224861
359491221
40098075
106681433
192388983
951200276
635930328
378446834
505189712
903811795
289788069
679814620
17025425
350397626
508585310
967483085
65821631
920313868
16662222
707079120
853734842
933843667
354417882
913729043
733052490
505189712
318899234
33770831
684281333
446807190
52656696
326254778
123196726
564223799
114330927
772991007
58114414
459336853
120997248
473018328
201795479
356475886
248774662
449060163
445792833
819442060
853674062
647470986
57543636
177501350
251124138
578384724
116397258
450809110
188663263
974906989
521135888
478774308
338471634
759056967
743068219
756504781
471404576
594428110
587337623
42621197
959691705
137219344
223071159
225592838
319689250
373732549
746694441
673380408
71167446
158247712
137219344
436100842
402506350
68182632
645977736
208641981
81603751
945230433
645181787
333158449
481751468
738279922
415589544
561978329
148378826
239778353
155113791
6542682
349771866
253827719
269439741
8798744
318899234
386379049
317159276
894914386
145183898
444202117
48449044
688771217
485085860
96296573
639836829
369841058
400986856
80338334
93656731
312917735
297734124
800939415
978689985
184451350
738386328
531318317
6006932
777543322
263744875
359366287
332103498
652085471
820066405
464155415
692921213
526526872
677479513
922910698
294104829
431827482
751939593
592156275
155428989
448982487
330390596
778858824
172298738
491673624
115209305
112038571
68700886
385206317
919324093
760874779
179112569
108277820
877728665
546315581
448574813
225592838
512453242
223545492
210077780
800101744
115209305
760863833
376670507
658893339
266080064
928260764
50192190
811171427
51155806
64842706
119080934
844210580
110323677
867921744
103726762
920054591
711457629
88570276
401492163
399768767
311264995
35310572
874649338
500835775
85954797
21888427
223071159
249584722
841641469
369876836
228280020
762326765
571591064
188668209
623593329
802348052
265475090
335008021
957906537
608064272
178154278
69979073
101475723
76869123
86105860
223071159
687722096
11438040
107847801
585171544
496506370
79139461
510623799
87117340
338250913
781490043
726799962
724726349
242495239
109828093
100294159
115026203
49685623
49685623
376670507
404080243
258479077
717999434
56491931
259230965
305208967
701130340
223071159
462733797
551326336
247107636
449347757
59326948
688628336
896249180
182906504
143610853
526390254
283910593
334891518
743422445
945218995
688628336
610726193
445792833
541093821
737239561
294897596
717999434
294897596
826845051
912191528
967153128
323611069
179980416
546313583
969692092
337118934
374951227
535645853
646325870
75190050
967577056
945045614
23204374
472817993
333158449
60540843
6006932
264973739
781588048
21888427
33513968
623378867
103114074
962573933
472833233
651080757
133960191
129830704
749346764
416272999
187580920
57046868
668223436
451664334
943235780
179112569
41972357
121464200
789780687
565052121
770409587
193374954
112038571
458918798
6542682
475907639
975399475
274438842
701219850
612441640
637120437
703046194
12066242
476844735
442476711
369841058
857314008
59047458
10401309
59631355
881713259
796130455
550873589
416021319
995930709
483021128
125441683
192673074
470704414
122160600
753814425
74458426
910075469
515929448
888105926
106679821
585964689
906243092
357800548
879668555
593082585
965764652
696935891
927707621
487807252
257575569
594831324
64120955
84376647
875920992
454568417
442330615
31562806
630751075
320016251
828618233
903936805
68700886
329963301
952267927
299050014
809475159
865528063
572098036
522420133
518056655
540949907
839946662
309771499
139747145
826845051
519611008
897552154
890821003
415585218
684769085
149456706
716031686
289899634
59607118
270936513
201594051
486016811
920054591
776468400
16475892
548564375
193790785
721627639
204305056
744839517
736766044
988058546
96520708
129522240
949907769
271451009
647634987
592357132
672705680
34723084
687427898
206662369
629635353
943707579
320016251
330503894
971870843
737855176
630474141
136595110
193274496
382349718
156873730
793610056
91284095
54699445
958753299
615892413
899249152
454514793
376620253
660305652
184339033
504768622
350397626
848006494
879668555
259230965
150828473
411796071
880872167
29939354
279191304
881750839
442448585
438086873
571653789
821531844
751939593
999160901
904036144
606813211
314627286
73651470
607419665
265321185
597356979
77123324
641042804
355478556
165205766
371603820
257674538
733045483
804902472
513959092
630474141
572882647
726435976
356024179
647346236
12890300
849866813
518726821
881587445
138308378
852457728
580279536
86105860
247731017
476015057
16434600
687228695
557093267
23641201
572264227
36111245
995935920
112038571
736135950
209432327
94327833
855580594
20970475
473717637
14015801
214335618
964577832
885627952
670018367
400446385
129522240
554409945
688628336
176399464
687767068
416021319
404080243
52038663
647496421
196385641
816571106
750137087
44921443
674659296
535455686
173771101
167136374
841084545
396433604
861770042
740432361
975300317
63465245
320016251
249209346
128365143
812833096
101015344
416021319
122011306
899249152
23641201
66788125
529157139
20970475
286879988
6249610
656781996
620558043
782292027
532188607
29497915
871427061
227781919
647253319
114416288
962115149
191107712
451534600
19269131
172298738
996059542
705435226
756607551
398986948
55689441
320443201
182493303
318899234
68700886
449154746
234627328
841641469
350372969
765558877
100213003
419962098
232737417
74458426
337118934
533554017
158247712
123371946
152026101
963050649
606610243
91339158
774498025
106681433
863517918
281339522
836207461
580536617
181888127
241036709
964577832
532144465
289493531
107151706
385736096
512053343
730754736
403838618
11724065
975222466
161751153
52038663
104214191
95177475
13251236
139989360
129581246
666721644
861021019
598777506
78739694
601690747
641322332
415427108
778330295
106460790
333074686
786877968
148311710
717458678
920054591
406281110
400328831
99786797
907978021
11438040
767910082
711731929
744843717
263755486
63261909
798606284
238096410
333779187
259167111
441258388
169309013
786832717
116383293
513353483
4576744
778493168
188663263
976756193
80999241
992593388
35310572
3794511
746134249
226125270
95776256
687767068
679738922
593406802
114776470
602658089
773123364
862635616
730353600
113440281
758937155
717999434
66098879
762399228
746794579
42673836
453052712
657900497
558196178
354417882
709662775
917357860
929029318
230074142
349135672
106460790
971368518
971870843
209473903
512494022
586837608
96296573
186862708
802601905
296671673
405302181
756607551
681525301
806969287
912845279
63281986
926637770
462015637
916196695
253497030
171035632
40046887
618367490
853734842
716182031
123196726
452357651
793420773
885499409
90033263
686931427
817316533
67184770
946134400
587337623
286433603
299050014
303576770
299150080
870792652
109734902
350397626
277199171
973581443
123435754
675164700
979082099
472833233
135086970
839812266
853693767
414416229
783369553
125199757
839946662
944318338
262311006
441453203
879970465
412733037
898930139
57548564
823785235
55384216
445084127
642974809
755146175
106681433
425509281
299247209
59397839
642169
1855829
312502376
535352195
719460986
655151737
85220578
945949990
994297669
692024135
604186644
889363718
310448694
556989042
564660643
205301116
219360247
82328828
25860435
853216357
153576663
669927703
674659296
142372726
878323612
965834330
858260569
125858620
295191139
473018328
655254025
132931707
830448716
764624538
882138795
101846791
510623799
801988824
724005754
103114365
37473621
965216999
725547208
263390053
332080047
980645619
983569762
114498634
460544464
793843635
59413784
59413784
215514687
666746175
32037540
86477014
177031795
694930010
920054591
929064353
666973000
576991455
21677035
939514692
533616055
852636146
453052712
9531327
883027572
426147432
734886734
1739
632367636
839724109
474767500
497976483
713043259
850479919
259677758
425868630
804200565
793084965
437701592
171864072
8688598
473717637
119080934
291900195
33513968
566797041
188663263
824368435
661242482
564086031
112300490
226657402
504215100
270442367
455735568
76869123
339911622
877728665
550050020
378049697
155428989
73344746
817681134
728074924
176346330
742097488
119688529
778726476
994726196
50817452
581751274
44211931
230102394
784203595
679630653
621123368
233896030
794380470
748866677
471404576
51309207
778330295
141479041
25906346
303576770
206662369
225870366
111489952
584625050
352736449
28747868
618473886
82542927
307543048
684507728
58936504
476844735
580940510
96296573
854753769
176850475
112824609
26866668
591348764
896249180
274438842
183119629
414416229
397751532
659151964
52169114
363539686
49685623
462015637
40888020
225389911
398053893
773490277
207213054
972735253
700883214
3259339
337576503
240324886
251445968
509478338
445792833
635432685
331456379
893281828
529401619
773490277
179151417
869924654
214012139
356056759
982292958
332103498
469124253
845767999
120997248
991128625
334526222
945949990
145684145
268270445
737855176
240927064
868711882
578278500
849471103
796130455
289788069
281893103
588464436
572125326
361100470
70347573
468607706
562963284
898963954
217460419
5451433
685596883
536322852
916366432
539276737
794380470
564579907
600181530
881575856
305576821
365849044
703970079
759876240
158058507
845204333
330402707
17025425
541026090
769835382
27352479
314239086
180283171
314849766
264644387
491431837
540741503
101303700
859357922
349771866
712962297
987898714
556501586
875920992
652190010
335777275
76869123
76347739
970726916
338951868
889797415
95380215
544817821
758506199
925763250
588464436
493083911
373007693
163967331
412375583
75053206
726174886
60137008
520800975
697055853
88355700
647132700
103114365
86659648
305630678
105338821
376940358
778493168
678433032
89748373
472775748
214335618
209496520
831003413
599868947
289142138
497989907
96296573
620779514
975889773
20641847
88881594
394137460
580929873
411883698
158537349
822769371
172298738
469660329
398053893
786116724
864253877
660132668
6878286
972779579
6542682
961386775
615576732
978776461
57161646
239064395
239795221
65270604
191454809
698298367
932410776
669640723
909673482
46598211
537548175
54454752
705681319
254317948
57046868
671343979
54829799
1107909
746802213
809404767
638320798
776468400
460544464
381797391
488945207
880430314
736135950
521670913
847617544
747893870
67869261
619400756
17535893
598631892
458274443
368998527
723714670
184187664
694487650
251181208
125464682
510545470
811604889
367111561
891327787
493083911
293505033
777170074
782292027
893715515
142111217
35370433
290834870
605521385
66333211
590011675
903280851
227111552
29037666
580845524
572882647
350397626
984017591
449249522
170365821
75907073
631432960
148311710
47123871
220346987
408999679
800720837
907978021
656477822
4576744
736367134
542650121
540741503
664488836
835401870
641927464
640306716
360128382
125219352
846412511
53178918
462015637
252384220
132545937
59413784
144414697
813665165
680506708
29497915
970726916
653078655
37982690
34630457
108969627
263836071
204022226
174830438
408999679
824368435
62338128
105338821
977435980
683739396
272524860
869547162
263150505
969474054
706468175
436886284
35370433
155428989
17025425
702508776
596975224
350397626
378049697
38907807
148680852
46571551
252904593
976196027
391620191
880430314
130625898
751018211
821216825
730574511
484052570
644108883
632367636
234605406
881587445
408056084
501880959
988366658
612867889
136595110
95103180
95902876
869547162
602021773
894416410
558106062
370467911
937940229
606450889
381468052
962504442
849180992
188994125
679630653
39370174
374951227
56491931
376940358
717458678
552385683
363978503
737855176
364155704
583787226
667104287
733793877
709533894
241036709
112992582
524064592
408056084
764460565
205183125
16265002
734018400
909211732
722097615
946323091
982292958
993256910
246577920
892404795
290440853
183630296
46346187
86579164
894255634
265729972
717706639
921390315
929064353
99653198
766199676
967094194
309721730
665940159
145183898
435025782
642511889
514496646
106460790
617057265
528436586
592364931
992542543
682827536
114208514
65878914
65930978
665130384
34723084
662856853
412375583
438099632
33661026
836020804
594799651
781836716
52169114
916170946
794380470
111507938
150659122
614615965
648887745
757570681
314933010
366982597
182222371
350659654
307552041
36995582
35370433
478446034
613281668
942972348
297259312
869569485
751367514
178810514
52169114
360601863
347747685
353332290
785105195
626356776
612467690
550050020
995935920
753425901
623064142
558419886
17853346
818879796
845172515
771836671
296275437
102231608
100294159
796130455
88570276
88881594
857314008
107831532
11535417
780437020
18024600
91269325
223071159
474350639
400910122
484052570
584625640
351687053
817828900
285758088
74458426
65826530
963027917
953336179
14698528
309297142
649343758
298254755
406383494
99112034
867921744
502340148
219801918
80045778
107847801
640306716
150733032
798985363
208551479
280295037
475314367
76347739
209534983
710560986
74458426
28652488
383286855
274438842
513353483
547464952
394501798
781955045
716426214
45049517
346692427
75190050
821815669
398936755
297508797
99653198
872428853
303737587
969990266
811126625
61402389
259677758
643000505
12838869
342578626
736306124
793451328
108687080
566454641
420041775
907005650
30300371
979444276
326755849
16662222
193534254
1693793
292029777
114672039
11962419
65930978
720312151
38581481
811578375
315943916
995960912
476943516
814035136
41972357
309721730
95209764
375358834
637537657
160354562
716331782
878889219
527905522
597879193
781123946
679630653
16862822
174370280
729293608
752457138
911040292
537548175
456738607
881587445
615892413
350397626
509112312
539358413
215114067
329591568
45245082
275159635
280838052
414416229
972881909
9257333
281339522
382132407
43891783
100294159
662644505
61242671
338099150
600048364
721047580
33676356
11437909
3259339
416515075
22531296
614230146
801731918
73622373
756942483
717999434
918384681
858275029
396478323
78260055
736306124
123435754
304441826
112433216
777170074
149094363
737813551
712323620
220655072
123196726
253394788
969474054
554836694
82417967
870792652
895082242
899317428
5920357
176614748
987940897
548497876
57161646
990569005
473151743
534769625
864845844
583787226
977490038
623854658
378311084
138870681
984604846
392359727
86004722
437498344
464155415
910608208
188650430
649243259
624262881
850218162
889203717
528770923
66927298
292661844
59047458
762326765
710794160
415139231
881117554
398836609
650366414
869547162
578138365
26641784
123735218
971870843
371883582
623294915
596561172
694738798
821815669
275271786
875787480
36162342
910033322
375555163
711748167
958867967
853848917
398986948
868296218
675878276
949696069
990431012
17853346
92519683
782857024
82328828
420041775
18000528
977468436
92384616
454514793
15266557
279184268
408660417
756426855
851952119
238839563
17822003
807590981
291880859
610680192
408783217
9583308
734637655
926722980
230074142
101860108
794380470
927887456
861770042
850821637
598306929
723528265
815883967
303576770
400446385
960700088
806358091
777489406
778950166
553892740
86011402
953516289
99580639
467734037
642511889
1982552
372172830
307552041
874836097
592364931
399975350
99653198
896249180
442330615
105338821
210977537
88570276
591507979
499299717
776929249
49675447
631432960
459060660
190881661
99653198
628252792
353536488
621360798
76347739
99653198
865825107
761813474
77915830
555951539
263406531
17535893
964577832
658893339
140012626
156846135
356317418
259230965
502055537
896249180
952817522
442603434
462015637
893543477
409845510
927768257
48530654
476844735
281614044
45439213
612467690
773144953
934776933
384258510
617148087
408513626
962097708
466930087
6542682
599298443
713646110
176399464
276562371
299010068
798472483
565052121
910695394
149094363
33877419
494560632
350372969
537044909
322310767
168287104
451534600
873452558
6878286
470704414
59397839
30014897
900046864
211030009
80999241
335237431
753299699
386987122
961386775
425682658
149808847
45451100
780705262
142148092
528138076
782292027
926717226
666746175
112433216
797625303
41972357
145597790
684507728
800419686
734018400
610578838
598214674
460039543
204500242
741674978
106681433
36610678
470579308
640306716
100579030
513326604
443158677
913881115
107847801
796789292
567757466
122048231
652583139
81791186
535308546
105432045
323611069
780437020
135381403
778950166
645771229
142480923
358206626
939106453
377328407
179209757
952791020
351867121
781836716
378311084
163677300
837124262
900556114
932410776
381797391
858406291
736135950
259677758
864280870
304441826
782217139
93656731
473880756
353877347
445792833
90126460
671752777
874675501
513056561
75190050
51846667
910070973
286879988
346325096
287464005
259677758
645977736
891371990
17373511
5737956
253888507
202774770
252904593
169839292
19252071
145183898
954287172
926603906
324661012
222295544
14698528
366518329
148311710
4663465
431827482
51047995
919590500
810059
366982597
112834436
524121529
82439632
182062957
227430158
929413520
756525998
62993465
241285401
918951261
228021285
265885574
703272989
740432361
297382040
699267230
640306716
746694441
779721375
963050649
59413784
858861547
908358399
791562947
501012280
524954849
744274375
99788765
454514793
554409945
557093267
223071159
75137863
672167099
769483231
259144493
536437938
113677502
501075015
446498778
589405682
925577514
383201342
74188104
410513295
786116724
705868976
279170603
351867121
645771229
23641201
498621467
512453242
856589198
712549328
682136470
67157075
47029773
12576064
857314008
590898004
22164239
910695394
56693528
769672347
69866983
400446385
442603434
90463309
709431289
95597157
128365143
61242671
276137779
927887456
716604869
732290391
447908127
788079161
115847913
143982149
469388855
509611932
105338821
870834185
981601360
906442177
3259339
33877419
46255101
89159568
810212047
533770488
476848024
460816337
95602205
795286519
461832858
160460330
928193994
797625303
830129118
758342454
397214420
481959074
388536227
716426214
686642539
807620285
910945550
183313821
874675501
944707151
333074686
734886734
88570276
454395525
253912829
128227625
939784063
89748373
928193994
80999241
991277779
271106655
927887456
777543322
985315795
54609633
963027917
910794953
898775108
800101744
234602932
71315846
411813920
11438040
563681096
659141522
6878286
175499204
304441826
212230723
142444109
255762460
212480376
273978408
934835078
440703715
714730461
848042164
36610678
531678405
354229682
388057458
177501350
377308183
180737333
12838869
644430398
922910698
469003460
99955626
123735218
688988391
793843635
661067200
476954534
409146312
671678357
52327706
145778742
674659296
408999679
433207072
443211149
92148125
860135077
555971361
893703527
46652246
129686934
975889773
958593448
173400233
248774662
393584670
807964558
199595502
643135856
350397626
239795221
755301270
515894337
936876273
796183674
494560632
86477014
467994037
386379049
736917681
387664510
208713277
36610678
341176617
631432960
657734046
142793397
578087648
609591161
910945550
381797391
651829118
838231828
613075450
136985176
622137608
583787226
359658887
613561719
240090462
865909273
969474054
574039950
607926273
193786458
890642904
448743462
881587445
187580920
107151706
611683487
119469115
674749138
781823532
580279536
765702991
602511920
910220407
984884714
369884669
958320638
256262852
271178333
167242421
942937965
841258873
926722980
369151487
145684145
816955725
904579035
679738922
293216747
933670374
377328407
819706959
469613611
961386775
155113791
575995803
178011638
80338334
901674118
774300053
23373099
473151743
52945960
589162697
102575940
599298443
519876475
501012280
654140730
653110554
684507728
37685050
260658113
675878276
667104287
460544464
569530020
555951539
844358186
361801757
593082585
113677502
773144953
95380215
19252071
794380470
29497915
309721730
65930978
281871991
672461710
800705075
774613396
431308749
672167099
481993071
783788955
101860108
83006694
478446034
996824077
868296218
838751244
411813920
580350204
557315144
706403263
979410348
512536559
605406192
657734046
744202166
337118934
55225396
110092337
778366494
720255623
204452615
641322332
880443296
281614044
3794511
17535893
74458426
726174886
23204374
109165376
610578838
554733149
495929278
88570276
430630026
750842133
260576655
793451328
806368066
689526827
936779806
627339807
79139461
337576503
824368435
150719643
806368066
295191139
839946662
136302815
988058546
825210773
188132383
853693767
598940876
93147220
99788765
160437845
926722980
674007615
626356776
69979073
604892259
88570276
856259174
674659296
335139289
312787417
493743015
24595938
469942989
602658089
797705615
853734842
681341220
512536559
126644458
986653460
362556582
518726821
76558715
60540843
615576732
95380215
469575467
881117554
123007727
829801322
561124988
414416229
286222075
41941995
40186608
970726916
122011306
747443291
795286519
899249152
93656731
572618077
648937373
173576865
869379892
54983136
587337623
698597683
6117688
191454809
683151080
813012232
455490845
807166959
712175229
848042164
172298738
942737947
11438040
7016093
381797391
23281343
590087282
438463286
266329095
59047458
804441873
963027917
511358362
157849715
800101744
171035632
230074142
337576503
27761028
105903921
638320798
328217744
589405682
167242421
917644539
91339158
82417967
805918771
755035715
871582353
215114067
101348302
408056084
123735218
100980825
771447929
929791870
859892846
434783190
446255109
452862468
920334239
455612680
58738845
114672039
991128625
21523250
907381045
858613079
850553478
529157139
626356776
205507032
987167134
114474352
102688755
923861972
655645046
776468400
94484870
689025524
809475159
796183674
226125270
193497230
453052712
61626648
689025524
272478179
32037540
326452681
624262881
817048531
747862258
437498344
690391728
478446034
496506370
800705075
183313821
977468436
529401619
534759459
994604872
947324262
305966865
636707873
775304376
56693528
616659839
909129433
145731581
19858129
810059
603854280
193497230
862239617
587385353
862635616
925829662
709043253
114171342
80338334
254238709
21721670
272861598
177501350
588464436
421117171
45201734
703832983
705973245
32037540
965216999
878679238
471915586
35359236
743068219
417977298
144414697
630915319
533447193
928193994
150733032
889363718
58296471
672454692
698125680
622137608
352763270
248792280
76347739
923966919
6542682
794609519
458274443
212230723
94912907
565113948
48591449
416021319
590759157
181888127
591933854
594878500
762686437
724364670
258646487
868296218
188663263
565423283
849471103
871090549
138560827
611697688
512053343
354650168
981323367
438360745
330402707
450686647
4576744
512494022
166741340
670954937
640306716
759566288
469388855
159128217
189384957
709043253
126305999
460119778
435554547
580835126
478446034
636005707
587330598
321680272
237336084
137804369
186651924
737813551
281614044
183400373
76298939
332325982
289788069
23204374
591507979
393000755
888978348
35370433
376670507
948628275
499435902
927707621
796130455
29668598
880239136
136924464
910695394
697055853
159128217
443398081
67636064
710904591
363179248
534996267
920176360
354417882
497942422
309973969
138432693
161854829
95177475
495097941
602658089
125199757
320016251
869311925
138319388
358253545
388920286
371603820
737855176
578284242
674659296
504890032
572593191
73093225
366255692
562963284
318043218
881117554
806368066
630694621
464155415
959170480
672159410
839946662
869547162
603582822
133725606
3814084
155428989
106167250
209494850
310306786
948681860
133278246
712225924
377680985
713457791
281614044
373007693
299050014
337396111
212230723
318696259
18024600
403024023
889161793
102817363
33072967
683151080
673306550
242507268
445792833
512494022
724057131
31551183
794380470
562255196
885609342
11724065
818896134
612872373
275159635
626665295
879668555
462436544
295731561
120997248
196484300
610141110
265640328
516350222
572426077
645771229
26741908
536322852
53826593
209356903
661989762
794485748
951008145
799743546
189384957
453841245
723488735
631106490
95177475
122607061
130915787
529157139
317788413
107430084
949696069
101860108
392191636
642974809
25746213
909129433
766115399
267833118
513353483
543561763
617057265
79423588
576435048
628839179
31474120
711748167
854801197
37720084
744382274
711069201
542640440
149094363
180589400
879088423
753272253
2188164
928260764
275883269
289493531
606670571
201795479
379297254
228659302
191148548
555951539
796922049
707527391
298950406
617057265
798606284
238146196
641322332
853180933
144645478
659151964
234482310
469613611
638320798
501012280
17512475
366982597
723528265
501880959
459181886
189384957
906243092
578384724
792506369
177501350
738300303
188663263
45302800
550050020
415769848
133960191
963027917
737855176
992193632
368857435
640306716
297511067
964577832
307552041
905305614
862635616
114672039
236963106
465977600
996912335
188663263
910695394
276884246
55882798
264274025
2442334
162356163
241036709
706417886
368701812
370085625
340427250
63631549
289683054
649243259
617057265
893281828
862635616
60540843
659264567
172916006
42386527
687153612
62463646
380025497
705435226
963458621
282272179
613281668
884010303
640306716
79139461
386430247
289557964
958593448
991128625
170568252
444595811
788001037
419770345
310088991
351320065
872873637
928041962
43891783
61242671
382328307
399975350
869143558
356547963
163579965
445792833
666746175
602863906
346683455
33513968
431827482
280838052
860135077
919749637
753814425
832783434
477943293
453841245
351882361
901477349
228549410
436100842
969474054
367901146
745482118
725547208
35359236
29036179
130197224
417843067
567883389
426511714
670626081
47760540
150767784
281614044
583496004
548193671
17853346
20997302
823064
208701666
878323612
743912791
49685623
400446385
591858958
806368066
422843170
56693528
600195720
326251455
304441826
196484300
776885127
21523250
138319388
198657238
17421470
643000505
156453362
826825061
766776740
991128625
371046679
404080243
281304958
207260806
125199757
137156138
655079330
962115149
23204374
785754003
796183674
759287420
739642155
173475705
59774435
866410554
965762223
313128404
37379408
611998949
934905597
32754868
762715258
104185339
963915953
984884714
125858620
988527858
910013482
404080243
699845373
12838869
4576744
286222075
672435615
870792652
615892413
482134163
819428666
440444618
790577682
922910698
642945510
780705262
47062689
335709375
279072529
618367490
401492163
96296573
677794426
641322332
627768655
697933695
746694441
76347739
115029626
230986575
889413605
125688856
534089841
123196726
730574511
926637770
416796925
911204743
680175377
454514793
93036779
223071159
43615347
613607543
850071641
962723392
565090726
140223112
780437020
370467911
37386227
945218995
509700401
430340728
988843478
782292027
885376970
952118859
259420544
378049697
919963992
222091588
679630653
558474302
960700088
630474141
865825107
645713912
18024600
762326765
533447193
70201016
939106453
228659302
116851602
331019880
509119078
541334468
512053343
398836609
285631880
958930594
605839933
259677758
417402320
933370900
388777342
398986948
721529344
477225741
963050649
401492163
412733037
802807270
37472521
129522240
248587243
98871142
123184608
413494356
764474726
707527391
318696259
1997979
330346638
180618940
23281343
920054591
272859885
773142864
184563338
732518195
944666733
20641847
805927936
679738922
259230965
320016251
486439860
746794579
920334239
757160710
958774787
327451174
185767595
21523250
903742403
334965172
430340728
523487400
613656639
541664530
378049697
853693767
775043877
235243135
137219344
517687359
698751768
47035124
752459631
897407249
896249180
839136799
821216825
180618940
878027015
15199434
369954215
247946989
925407218
8150880
52945960
30014897
564171717
688772195
212230723
473604707
204500242
66819967
408783217
105338821
286741535
686931427
693037150
944618732
752770655
771247508
444819797
550873589
427798191
400421347
79139461
822373765
853180933
608263306
624334782
732290391
596452635
517729301
684224861
21976933
689576488
433207072
239778353
335008021
363461753
755026077
771447929
387409683
776468400
676648899
30014897
612467690
154392883
516350222
281339522
244246856
630739797
725125489
258359083
762041644
620918503
51464833
543948561
86105860
657348700
124796401
92394308
175206410
256262852
438067968
369954215
5920357
235985299
497376585
998320844
469430135
795674568
626194522
918207711
723488735
181831411
470535255
728366877
280039794
99653198
858260569
424539360
719596174
69979073
509112312
353279101
279184268
215114067
618672327
20641847
451985726
518726821
813009610
318899234
439230524
235985299
319796311
381468052
628356427
564086031
599819978
987654796
793451328
613281668
342357017
350372969
183589099
895082242
465919947
163967331
734018400
675164700
293277751
335340941
140842104
80338334
703832983
115209305
486600941
740784544
99788765
839268557
911325543
542093312
335214134
498605885
114802799
163668025
147714312
920334239
89315836
709043253
532651089
675164700
584386512
960700088
973871897
357839386
617057265
41875254
225592838
925732687
323994787
711694663
473717637
489382494
76869123
101436317
806368066
792506369
848042164
115847913
163668025
317354844
470206962
100167438
995090230
262852777
68700886
665940159
595332266
67184770
338579883
120983975
804200565
441412245
958753299
80338334
672167099
550549010
92990282
992193632
778493168
541582054
400328831
2459600
445792833
736306124
282212235
581234567
734180084
167709507
515929448
642945510
935349871
168351760
322743844
562117727
707527391
605502735
802812145
50192190
787199522
636279146
60137008
8226371
32037540
881587445
214941082
286879988
431827482
433616567
554843667
133193029
625359134
579567242
23204374
459367119
977771678
271602435
712323620
579369181
192740694
791725128
624064310
329683269
16265002
449347757
412375583
725402317
381062573
862364095
512536559
491572571
743422445
612467690
841258873
965216999
749346764
478446034
378049697
43947719
574004917
395351503
464071740
688524233
78739694
21614527
637762501
820759203
610845962
369249102
171400911
180737333
209494850
653699021
178810514
96290839
114672039
954597475
866310430
337576503
259677758
655254025
279245340
122048231
254126503
57046868
240090462
41972357
164767533
398986948
113495955
351867121
442508491
649278058
562887769
440444618
436100842
261570655
140611707
442330615
830548301
450686647
171035632
414416229
723396792
613281668
338579883
921533681
695770853
42386527
506989522
249584722
936699703
656454243
146325959
756607551
770409587
128628946
925763250
168603397
897407249
491431837
881117554
254117062
179151417
137219344
916196695
172833940
648333725
729090841
168028301
77234219
830591616
965459569
725125489
136595110
173576865
89018416
992680424
4576744
441057560
557093267
559626198
238839563
665940159
607926273
146325959
670018367
444848459
766486610
249584722
862635616
771256596
669927703
420041775
970726916
101602891
893281828
885627952
448370937
848042164
200995300
312182113
428066912
499435902
86011402
840711287
149094363
96296573
206662369
171864072
925763250
626881953
662843105
563681096
893281828
66788125
953066707
126644181
937073908
975889773
451985726
467352885
657734046
19858129
598777506
726888007
367289683
714366656
26264069
865444152
66098879
937841861
827290981
703832983
179461873
335634387
276137779
18960243
81842337
374951227
945949990
753075583
954496026
125226034
919854381
240090462
372489553
354277553
38780095
64808721
78715421
596650243
943418772
694738798
600767525
702193703
815687463
708091327
990355186
520591358
720957127
6542682
72834383
46598211
84145714
104061333
751002899
930545389
182967896
821815669
91339158
658427709
554793850
121867825
120983975
882940060
570202857
169642564
874836097
228898122
787668857
118763260
215720530
179112569
383795938
37523610
940230826
300724551
713646110
26876798
807398495
103762553
127618741
366982597
400910122
69620367
653124568
987652517
161640229
43612127
790818262
444697548
95177475
70770933
608943904
537548175
178810514
822373765
674749138
875920992
351882361
482500252
827724364
520591358
709043253
748380308
641500285
34630457
178460608
572317512
469942989
779601687
946285202
730321690
340619080
644950283
736603447
839946662
533447193
773144953
970811002
23864480
893615853
940635129
129522240
393216116
314483677
970333537
98755115
406571936
703129565
866310430
95177475
112433216
678810643
848042164
43841598
43841598
31562806
926722980
127280264
698751768
465640639
501403626
123196726
705435226
960700088
257611776
965825284
866217989
461782221
381062573
839610577
773123364
650366414
688988391
130210124
108969627
615970982
555951539
984884714
881117554
250245261
349771866
20278582
489861125
589806848
963667395
10951067
861805070
11836047
434756216
134763164
295191139
161359170
376670507
82328828
750942812
803942658
91339158
512400573
712323620
252749255
688628336
156844679
872639059
737878352
996759655
136018631
439876883
926510674
890821003
602007234
801988824
707187293
450686647
244228337
804200565
699839324
679814620
370645037
792506369
679814620
993984837
793137928
19095765
273978408
685690797
820913199
580032813
99788765
842458567
31066595
821216825
920334239
903936805
101376054
795740584
536322852
278590701
67184770
962528471
36956770
137795501
777543322
179151417
93656731
556158724
183589099
71923322
515929448
112433216
660888278
421914615
272455159
560055254
695355491
315460993
381797391
671852754
881866544
885627952
169309013
30014897
964864424
517242560
497956884
464355495
484052570
399272155
940635129
860796453
271965724
875803094
986819219
644081588
770409587
830448716
333330406
338579883
864405314
831417640
125219352
108969627
312604638
158682829
129522240
458274443
378128170
110287241
439876883
286222075
450686647
580279536
494706867
177501350
138241759
68182632
46346187
125858620
396431051
526390254
562592163
869206914
64853245
694738798
432221610
227781919
184190616
264760810
518030
137448245
765415501
826845051
280039794
880430314
562536339
138530771
93656731
449347757
274917170
80402742
945218995
144565612
600846215
43255424
285210200
392609172
474742254
385184803
384176629
948754876
969802695
607391239
828618233
638466317
914452379
562963284
181346066
530067464
776929249
972700414
494706867
177501350
667216252
145684145
371603820
179672282
518726821
303516716
295782259
460946423
8156869
132095229
18354285
311714080
184932848
376752678
425955754
550050020
351882361
71553328
645390837
851952119
776929249
617057265
220152728
346277206
333976724
615576732
253853888
246683283
704722844
773490277
118821447
516385674
315547688
988058546
956838718
701219850
94446256
145731581
298647416
74748562
344806070
319586751
143378053
109536774
860326546
246446350
690597023
272602221
736367134
201037319
417752141
354417882
489861125
84049085
647582813
998266487
475343095
662068074
206662369
793451328
540741503
959170480
944618732
652377855
737813551
797820493
770913457
846440737
201795479
969474054
26264069
8234259
706403263
724476115
113350613
21614527
45701361
565052121
326832728
576247058
618956968
963027917
607926273
882349293
306422824
109240576
441684544
41306820
722797691
844358186
65862716
205315576
859593186
587337623
610578838
674749138
323611069
642511889
96290839
333074686
674659296
982292958
239795221
592364931
399493346
958320638
808452590
712537313
877037356
324852241
226727966
120983975
145778742
593652095
123735218
78947451
926722980
452835311
845225201
319767437
59413784
414416229
446498778
92693331
80338334
649243259
809434591
802609873
874071822
944823790
194825815
123735218
230074142
249070730
588464436
823728642
120983975
694738798
768207745
599415995
34746658
651440247
67436924
95839708
550050020
421633224
59907328
96290839
735687969
821622986
14836372
33179950
446615523
965834330
369841058
875708540
737855176
903742403
879668555
852354851
712128331
65906904
494095493
826168213
916196695
82917953
853848917
325930694
817651479
801988824
41941995
408056084
17899056
426766288
393216116
173576865
513353483
153519568
794090890
850774454
348714081
708247273
279184268
38840700
266988762
168470307
442457655
869442605
864822820
875803094
34630457
415585218
591425043
320016251
536437938
683151080
646891314
962238297
214335618
457881141
587337623
949696069
764676460
176476549
746694441
578384724
207077686
674749138
362454280
874836097
76298939
701219850
137275518
229416684
977345826
503906095
935012705
546790996
600662630
248774662
50192190
266718532
19501117
642511889
607926273
273978408
796183674
684507728
33513968
637120437
843694476
499435902
162152978
572882647
944329243
54189334
773490277
330333097
701219850
146696819
964577832
259677758
59397839
259677758
964577832
439563124
851952119
472817993
822206037
400959288
867482824
565052121
989523099
51309207
782391070
920563429
315592241
270613830
973350929
86980345
208334346
25380845
350372969
618562170
119173016
150652002
706403263
651829118
33532791
13787586
171010334
529823907
478329708
419900381
272478179
542686570
177501350
67436924
279184268
238146196
40282327
198427968
350372969
297424245
661782758
667153678
248774662
340511533
325473337
773251153
970811002
51047995
378162489
104923515
15358164
351237641
476478265
209473903
211492459
113060163
623854658
450626843
798606284
313464642
804200565
92384616
472275757
853693767
746694441
409884494
542650121
16265002
460119778
958593448
123435754
895464234
764132500
373532086
177501350
903742403
592364931
868296218
984884714
615892413
771711614
985524317
679630653
806798806
497376585
29816797
33661026
3794511
393640289
524954849
57979593
120983975
774422187
3794511
745422773
143472146
690784822
513650530
69620367
289493531
642511889
165205766
510871246
529157139
469613611
47029773
949515860
490520377
840616443
531509024
618917871
421117171
318696259
550277486
733954901
333074686
549925177
821188212
712323620
578384724
515929448
60540843
241531103
376620253
542241685
107151706
212330258
107847801
375358834
116815765
569530020
68182632
92384616
375358834
197876155
16265002
683213840
558165014
688988391
89159568
402589205
771256596
304441826
136595110
33661026
959630197
116849946
653725086
746794579
549758836
460003088
786131574
276137779
653040627
827902437
877037356
252275151
333074686
76824088
94484870
529401619
842708577
421937412
400328831
770068235
516256693
107343006
384461349
68295026
12667806
550964857
341698672
6006932
442883641
371811341
798383570
874649338
180629553
495097941
645977736
566218502
911055077
378311084
120983975
205186673
500314039
82417967
563681096
828914206
826845051
54829799
449347757
564338578
182062957
963652353
136420958
409357743
52527868
145834487
228021285
318114330
11724065
20937439
764248703
238839563
17890366
333291414
155428989
449270106
256262852
526390254
830448716
290714570
174516777
786832717
687153612
781836716
906243092
24420116
328932689
865825107
240090462
140842104
797625303
17572896
632367636
82328828
605162023
586868682
990355186
338197302
309969023
600299642
74458426
874265486
786839305
801731918
496506370
47848191
605735034
43891783
737576983
86303277
775304376
18042805
163027699
866310430
448118184
143585560
730574511
3309731
835062411
107847801
993372057
586995408
331729001
100213003
542006668
94235825
214897243
216061240
890821003
399975350
529401619
638320798
108999701
23641201
934493059
872198238
76298939
11438040
172879117
470535255
596402852
112433216
119868733
813012232
255036714
234027082
792981616
29939354
35310572
916140595
156472751
996164995
145183898
792506369
505189712
518705248
212230723
172362180
944784601
414416229
892404795
195043604
434756216
119122079
724518972
110404731
167242421
309377287
120574030
239778353
705950575
227415175
88200654
487745312
508511259
523519102
434756216
904571456
403606478
761018343
327179267
126356901
30300371
891371990
896249180
62107988
162760475
436952649
816334033
405464751
708961016
289788069
812843491
312105028
354358644
70341218
890587951
422113720
227430158
946215589
540741503
439723033
497077263
182062957
929847050
881713259
451534600
408783217
963050649
200590331
972033457
934333518
205516219
960700088
95602205
86011402
708803004
679814620
654140730
452927415
303455938
42306213
903742403
609385037
94361212
733045483
99389886
393000755
970811002
314170216
252904593
475191198
38745330
6006932
56491931
992193632
409884494
498016027
128391792
857314008
369841058
316391589
963027917
653040627
173576865
631372068
777727766
33125898
85226785
204500242
629428681
820925921
449171139
32037540
441180705
198408548
849297265
1286835
649243259
786453671
370085625
20641847
524954849
824379759
167242421
334048443
717131981
209496520
378939798
618473886
334588848
174623533
600846215
73633921
23641201
116815765
161790571
64384000
569530020
101303700
179151417
208468500
183589099
542971782
297508797
704624075
778493168
100213003
323419095
121440337
594799651
75681014
797406087
277244141
958593448
126814142
920054591
388536227
761018343
191776012
172097705
617057265
804997931
106826703
11438040
375358834
563681096
59047458
477630966
784932104
867921744
619140285
475794609
959170480
491431837
342766278
718025901
429039335
679738922
510623799
653000461
876717589
165205766
574587297
1817728
277673479
853693767
76869123
958320638
247235515
687166439
502340148
52038663
252805211
366395758
439876883
116849946
299010068
753942565
230879581
860456735
139288087
437498344
510871246
301319393
910695394
777177505
983622209
881734713
919014903
911204743
146325959
426558204
934410699
879668555
368752385
20211364
828257520
896276338
798581375
92394308
875803094
69490823
971870843
193497230
145778742
829041332
259230965
649243259
688628336
745694932
562216462
926461411
481439128
132382706
148311710
509112312
881587445
603500167
532399485
55225396
211405019
738300303
502134105
494653385
513353483
494683618
449353092
599298443
928193994
517800306
137632853
859423145
798985363
957861151
681369500
495592559
975889773
337118934
686931427
475191198
34308134
673785633
238146196
169309013
879198929
635960408
725722297
737855176
404553282
603622956
378311084
183028026
838854507
241036709
348594037
109536774
159128217
133236806
442330615
777170074
564223799
101860108
81356812
961366020
923205682
699333796
713643752
647405205
35359236
52945960
76869123
276137779
907978021
967322982
510826316
638043087
686642539
87410589
375597197
875192222
894416410
106258186
35370433
35310572
562592163
215114067
36599583
602658089
767935264
607926273
421117171
864041900
91881304
188663263
878323612
801392945
420981458
499435902
902695565
84664497
793718143
998749101
777642674
438573249
893543477
994277803
76298939
580279536
732290391
894416410
48806460
633666305
535899562
51309207
768501334
123735218
74458426
739863076
602955018
732290391
123410608
297511067
335634387
494560632
264191089
574238100
286879988
449347757
759289672
567420144
927887456
75190050
318990778
388536227
158247712
732547716
991978112
38761967
107975488
333158449
166839436
587841442
605162023
392191636
706403263
378049697
813009610
724364670
16662222
49085053
201324238
559791718
377328407
271101553
305463375
290330556
894316568
655645046
615318572
6006932
362585479
467467188
359715682
40443247
226125270
20970475
366518329
553042841
31944856
839946662
859593186
259677758
193497230
333158449
710560986
63333762
819650756
647015356
75190050
70359195
123196726
806368066
841641469
144269955
400328831
717999434
536482205
256262852
231431718
898014833
707806073
703970079
851952119
672220486
812843491
451534600
244228337
596870177
962115149
453573313
937754140
26264069
954876245
55931845
847436573
440444618
286879988
704001953
409884494
700652246
12880447
14489779
747204980
191454809
829041332
13171718
145494358
728990803
273582954
333291414
948695388
683151080
598288555
983010749
845110166
620355215
800705075
221530441
621123368
462015637
659500282
655936453
839268557
919182480
314535189
69880464
885627952
940939851
382944984
603125247
61242671
500940633
150510804
215714766
36042685
712375798
307552041
381468052
627750943
732290391
398986948
600211934
59326948
290630265
909660397
20997302
881866544
355058230
963458621
377328407
752459631
413699406
104998454
994726454
69979073
871055321
806969287
844210580
205186673
382183788
293516304
353111980
241036709
212854886
998749101
92284318
398986948
36610678
126644458
404080243
78074676
665940159
133960191
309195163
773142864
312146745
583787226
372013513
613918126
189384957
583681737
699681099
609558976
999214108
586578159
61242671
562592163
757741486
990187491
501700099
183313821
128533486
586349173
524954849
716755669
336055840
328612570
631331271
345742266
249745176
990569005
76347739
416021319
529341163
722381670
450686647
940635129
983010749
93808125
150733032
577202256
35310572
992361859
535142556
293960713
17572896
561943391
242374479
588464436
594799651
847436573
770409587
578384724
231948138
120782234
476086669
659151964
94484870
510871246
701219850
3794511
293516304
318696259
621123368
645977736
130191415
877388267
662068074
613281668
6006932
685707116
145684145
666395264
256262852
830448716
157084990
270314195
360336621
554409945
80168085
379661809
69620367
362793091
777170074
597042370
460119778
660759885
330346638
307340795
988058546
554409945
926722980
56932285
362793091
29497915
15398225
69345028
959144944
223565355
376670507
760617935
108969627
472833233
56491931
24595938
713275852
441057560
76347739
777543322
92605123
333291414
928260764
612872373
650366414
559150721
664916573
144863531
178154278
450007136
688988391
788422253
511930944
32246657
777489406
290023885
910695394
999214108
886895244
882973964
782292027
499435902
95903739
758379679
259878490
736367134
335008021
286222075
841258873
429039335
715035883
775304376
