562512739
248120852
503906095
638610074
139770493
214335618
108467332
173576865
943678340
43023806
904602311
210185572
813743127
777170074
798985363
195118825
133429787
64384000
252904593
751939593
33513968
376548632
677726622
824354794
287214051
383485041
381062573
356763203
43891783
715463969
986819219
747900627
57046868
896249180
903936805
643567382
233160524
858260569
604964201
586951403
140842104
54823847
163579965
839268557
963050649
22671972
161678409
915023675
990608588
320118820
537548175
919749637
254226886
344144687
273978408
32951205
885087204
124355659
311750730
484052570
502340148
125199757
881713259
828618233
350397626
869547162
414416229
467467188
323465166
429039335
452952433
35439036
773123364
466623247
917397073
502291430
538129466
800705075
374405749
598276655
633650097
16662222
703970079
307992483
498142322
76869123
594799651
525921886
130392712
895025830
734018400
785472698
393670221
373620953
964757965
320016251
690982561
639750968
685221348
724364670
730574511
481757346
759519226
485220564
80999241
218828424
307552041
78739694
101436317
693080335
603293204
821216825
214326588
382563264
615857305
458274443
945218995
271602435
589806848
32841378
88881594
38900060
263836071
103167197
897906747
841258873
539041360
77136884
387322827
183589099
753793979
509112312
475386360
88881594
244237132
465919947
86016459
232711633
406825211
123196726
35884187
464155415
820913199
156965438
904420386
920334239
585666753
573084643
227781919
885627952
303576770
10301451
516977805
903936805
235985299
446498778
642945510
411851007
288833498
299050014
483156837
122048231
333074686
19252071
476844735
705973245
822373765
973797909
211405019
123196726
489861125
33323443
149963958
497376585
649391709
944096429
43841598
19252071
924347236
79746788
580935442
392383325
92857340
214750934
388864517
796130455
607523266
281762692
679738922
110015684
341865293
586755967
529932136
471933681
501012280
408056084
27113292
982292958
578944146
695368560
475574529
502340148
122011306
89159568
590453468
89838506
518726821
737813551
149963958
414965250
928260764
861693641
360274492
323611069
221513738
840666828
95928412
724364670
799166233
538129466
744569920
404611309
740432361
3394675
286719707
105423687
450220568
797293676
853848917
175414478
925346535
398053893
205186673
60540843
46210039
916304017
68700886
303889628
114556835
119080934
407873184
93656731
273311308
67436924
408999679
876262960
818608676
686642539
63631549
261997108
355373314
381062573
330032930
653000461
568374860
155778867
68700886
442509752
143965320
28286691
919854381
589405682
47029773
695896530
453841245
618084230
43362998
393216116
311611947
120983975
878390070
80999241
370229945
932410776
57046868
354956509
434206911
187580920
895258511
214335618
518726821
504950375
318247578
762283259
430889442
777543322
813913316
306364372
630474141
254115119
865825107
186054649
206662369
201795479
139618401
231496689
225592838
540741503
515929448
516515644
801392945
24181603
687153612
519609365
844358186
440712637
683151080
322953707
495929278
750052999
459197031
677789968
473874849
557093267
610236406
440712637
444447013
344030198
249479553
280295037
828618233
412021057
129203333
337576503
88200654
385908954
966084088
147165042
871012378
925763250
535899562
955278740
3794511
131601712
138319388
926637770
482707502
244985664
408056084
68159102
42747340
60137008
913328334
294954984
110945551
615523125
99653198
438558252
180737333
124870919
66617102
299010068
792671322
96816055
535455686
200822510
798606284
36610678
918425048
202722514
450220568
975889773
299050014
231515473
116300088
786116724
509119078
414324078
726174886
50556296
542717591
128251914
644108883
645977736
883124316
925763250
371115543
484052570
981070433
178813573
347577884
795286519
105338821
199028226
143472146
101835252
509119078
705973245
908584721
916918284
125199757
878341299
4576744
592364931
268707044
425536840
60776694
840651470
99653198
631385625
801409350
95602205
671514793
603068962
17025425
943452083
921791611
114672039
919370438
894416410
563681096
786116724
239981183
542650121
640306716
710560986
339791820
569530020
369954215
581966287
450220568
554793850
939251
874836097
973304302
540362513
624262881
70629219
776468400
961043323
192142098
23281343
15983955
143472146
609058046
563681096
17535893
793843635
862635616
309721730
900143848
127867676
778330295
404080243
148977382
47060198
939465396
143472146
822962673
639320889
296082297
204500242
738300303
976343163
34630457
749301154
179112569
268707044
191454809
793843635
345408068
31475672
605809002
273786986
626473924
945850490
547107053
643297850
982292958
237892580
673678227
444922645
938288555
144028558
182062957
990348050
701219850
616384471
993036712
966988314
154122709
674220686
209266179
833638627
385377507
249923486
992318685
125606510
93656731
373007693
375358834
736367134
847436573
404159392
599415995
723207491
52102694
988107373
152860575
536437938
684507728
450220568
732127135
16662222
828137517
442095177
457512608
404620240
533770488
306802864
233797131
978776461
828618233
415071616
821815669
881866544
262513788
490014399
453052712
322764947
596561172
171035632
906069744
234219847
866562970
84269294
642974809
25250967
6885164
934257821
666782429
160460330
451534600
630240200
307160747
55714625
73350973
371603820
786832717
721698390
802348052
327016985
61242671
63631549
865825107
226727966
60540843
522689168
35310572
637120437
299306700
624538521
342578626
184932848
820759203
551921529
167502842
719859056
83860225
29424497
357161566
699267230
828618233
868296218
606670571
305463375
548597220
371035720
477892122
859593186
211343714
167502842
166696987
558897930
61242671
892404795
226125270
422496762
162327212
513523470
467566454
119911649
489980972
272215379
922874430
113677502
896574117
737955685
752459631
43023806
757634045
102081466
47029773
279184268
480653284
247946989
242704728
770099180
308994382
245437275
144414697
847436573
777170074
440444618
861770042
260214679
289788069
631432960
120996101
465919947
25141346
11724065
184932848
20325271
247879119
583358716
881587445
2783874
846423677
100294159
286955874
554409945
254117062
78396610
331456379
276137779
126788941
761617392
404142691
9262289
773144953
286719707
86105860
897407249
100294159
982292958
773144953
374648930
28901022
91339158
515469891
853180933
382594499
520800975
591070339
337576503
657734046
881117554
683151080
263309969
487745312
408999679
400910122
728826434
897708033
128365143
54829799
768891436
816334033
4652686
962651107
962115149
309466750
155428989
113066471
778534400
578138365
723488735
313781193
542650121
705868976
903687621
970726916
477988433
822803136
485663294
477306505
9583308
781175920
903936805
925732687
134236434
400910122
109536419
991128625
554793850
100294159
612528622
562592163
382136637
778950166
868873351
163668025
502225294
362962747
704983880
288104900
925208216
910945550
106681433
55481248
370085625
201037319
502340148
853848917
432576767
810771415
587975111
598166761
444297629
451985726
286420010
435025782
457862887
382839905
474555437
869206914
935349871
17296141
736367134
700790813
57046868
887209032
893533119
183886799
617057265
438187615
323611069
745395066
462585652
933354230
370085625
781822326
473151743
114556835
676081416
35695124
183045538
43124841
969474054
893543477
697700654
214170728
654140730
729409188
376620253
100627775
699267230
209496520
351687053
783620892
756415665
810059
719791392
615321725
662068074
559496693
733367989
869206914
318899234
445792833
512453242
563681096
623062195
4901175
442330615
369299113
433207072
82328828
665806158
65843222
809259826
323611069
786832717
314933010
688988391
158947307
238000736
51047995
936584501
849471103
925732687
796588546
277695641
839268557
504434251
143472146
162888700
887528189
65680207
112038571
414416229
376940358
388452556
21614527
298567444
571860301
320461818
48824941
926637770
817152434
96290839
159780285
600846215
472955644
960559722
475191198
57563548
215714766
576044446
74689256
80999241
96816055
26264069
38353867
345729259
342502793
187580920
954972186
734886734
507578508
443158677
418678711
179151417
86011402
875803094
939106453
513353483
284548066
17853346
97400589
773490277
893543477
911576730
120997248
68339634
76582123
30341233
187819447
430340728
392191636
44971995
688511528
698751768
180618940
248774662
935349871
154265528
347307965
743348261
150555225
4856348
89748373
147165042
33513968
990734204
79495376
392582735
861693641
596870177
102542555
877646588
438104438
122852000
451534600
974720533
404889451
711567755
800705075
458274443
63465245
33396389
704896523
163967331
651495278
41052023
679738922
536322852
747443291
917328316
253433232
841258873
781823532
108969627
725666638
6537102
126644458
539121330
462015637
540945714
949696069
139631132
68182632
512053343
450809110
942762930
242323484
227064888
440444618
73172755
992193632
95177475
441644026
104866185
180629553
540259446
355495262
970726916
408999679
775304376
467467188
124444098
778534400
752922121
403344708
783329475
712128331
623593329
163967331
959282774
489908497
602955018
825195214
355200511
723528265
437498344
180797928
509119078
323840239
703194586
573887358
771109494
464155415
852503560
118826880
487745312
107906817
512053343
502340148
520800975
5239661
330274113
496506370
453052712
615118627
96290839
781955045
558028797
881713259
526390254
949780172
172298738
322223444
737955685
658893339
806368066
703970079
689576488
44796306
930911469
685875810
422795848
775166915
826845051
963458621
879088423
807166197
781836716
105708053
51977744
225592838
973919577
404080243
25141346
768011337
773144953
440519626
973304302
472817993
623978481
281871991
91339158
794160666
929064353
613281668
323840239
861091846
250473861
556203004
842702005
953207382
615892413
732808174
998563676
846720599
830448716
677033108
605459488
107590059
134236434
17572896
946134400
289788069
4856348
50192190
208380422
975660214
778534400
18058184
286719707
82417967
631432960
487670416
828137517
799773379
202733593
376670507
242035678
951664322
373273365
961578652
370085625
95177475
607439747
40779716
645247139
208066262
193534254
333793793
369841058
984017591
225592838
885649856
51155806
351687053
925763250
926722980
379291886
136233825
684224861
844210580
475191198
438086873
442393439
118461348
907978021
22372349
136595110
964577832
985486952
622137608
65862716
24088573
501075015
120997248
965223510
107847801
115209305
276137779
330667681
174815603
812304453
415428309
883902910
450686647
76702059
96816055
806969287
529532922
701219850
689025524
739274883
542081400
2141884
428179636
50996350
388536227
26535359
212872571
643313496
769515052
975724383
31698768
561556608
724364670
842568268
467394302
802334250
309297142
369841058
439229101
91339158
378311084
618367490
865825107
846383788
890821003
34630457
67436924
939106453
370085625
476930055
205186673
99794954
870792652
436007688
268707044
691860214
155377865
394685214
453052712
326948225
95380215
143472146
392191636
679630653
428961143
963050649
855620826
337623662
537548175
624287618
34486011
724305550
286222075
579566294
272859885
369954215
201324238
381062573
295762573
921586073
430340728
342578626
796183674
16265002
381062573
743068219
642974809
891371990
831446005
51305837
972764934
920054591
180737333
49685623
81078292
118781674
403928434
550277486
107151706
385294449
41528244
146325959
286879988
623227207
931673709
67126838
220958466
114672039
812843491
925763250
901431973
333074686
848042164
252993477
59712040
198345262
111422752
57161646
163579965
799621223
734886734
516350222
201407416
95923110
652810461
655254025
494910296
624781075
108969627
179151417
989768857
625800576
393216116
164018139
35370433
357742259
723528265
806969287
618367490
59326948
368440637
512053343
881575856
319524714
599460709
960700088
774475980
868631574
165205766
962843246
687463596
17700965
219806769
882959313
365392725
163032958
138844109
924952794
674480561
157226948
48492900
277456442
64200448
855346911
510871246
65259871
602955018
971717240
797625303
736306124
144414697
95345218
44267004
672777843
640306716
11494259
26264069
501075015
614848725
109294183
504944078
489861125
209496520
242484533
659151964
561825433
420041775
824111209
409001421
41585426
65229224
407443735
898869561
945949990
230986575
645766282
825116810
307160747
460119778
470704414
645771229
853359392
991128625
205186673
583881816
23281343
458914225
614140523
615371993
662644505
538870815
368489406
910945550
825750254
737239561
307613270
980356987
106460790
559986515
350372969
670081543
76298939
332103498
473189032
980174200
686996501
350397626
323611069
122048231
687767068
159442596
632367636
336829433
761018343
585130042
77553562
878461798
272003769
309297142
682662824
982392477
433207072
911204743
890642904
954496026
573626562
207154616
24595938
333302169
709043253
92384616
133193029
790236907
136595110
853848917
881713259
21388000
178810514
479395367
510600618
42078887
980615768
317543363
309721730
157529161
875920992
490948980
398986948
249584722
659097527
35311971
473717637
39867514
746343792
37379408
476751665
619987095
177501350
662495015
283110515
564338578
649243259
45157229
649255515
3794511
773390911
771447929
109126611
923861972
143472146
378311084
792506369
117258732
878323612
553347374
908248250
963458621
19347530
641623734
136595110
321916103
562963284
821622986
325215254
190056090
31562806
792506369
182493303
652621998
672564386
585275743
102720570
299330208
242968597
214750934
443158677
98125111
81231099
859434361
890821003
669077945
381136847
23118388
903936805
792573632
125468112
758987657
836207461
927887456
487129785
959170480
182062957
400839962
317159276
315991015
252497937
281633837
523565669
835659391
280039794
949696069
89162005
26264069
713412661
335634387
724364670
314170216
489178657
434756216
196075770
417665434
477343902
16265002
666487322
144414697
299247209
929064353
350397626
921018030
705868976
433207072
68182632
77776675
470535255
653040627
541621688
338579883
519616593
109536774
205808944
280295037
272861598
122283151
501075015
14414086
10117234
870792652
551515215
844358186
228021285
813012232
662068074
632587434
16009922
659151964
74499335
409884494
877728665
453052712
764249563
149963958
518726821
386379049
910197190
393103895
140200117
809387236
188439134
326374556
301595698
930655542
181309670
652135574
445225903
60540843
990428287
640306716
970811002
291224106
674024365
844210580
337118934
644532314
7589762
825145037
774635053
861512414
209496520
537548175
129977514
31562806
711748167
922910698
810524731
442095177
62845412
841641469
466796486
39043379
586578159
920796472
155801780
364722468
207548504
468317900
457096852
387912226
109536774
709043253
52169114
660452995
314933010
450722176
610347349
579452056
201227045
461129334
454514793
342839233
438830175
105338821
27137518
314102340
158714954
75288057
679630653
910695394
650366414
701219850
929064353
723528265
399224843
63261909
151619860
880278413
398053893
33877419
76349998
163668025
51047995
449249857
122881827
116698272
330402707
128941113
458822223
33513968
495929278
686642539
503906095
489908497
642945510
522420133
995935920
895082242
456738607
190970046
285917136
924606636
43023806
983010749
106681433
751939593
710040224
223538148
970213116
602955018
178154278
653471740
123435754
123847955
158313857
145183898
104618890
47023152
195118825
303403940
65587515
773123364
554793850
710040224
267164305
509119078
594799651
736603489
891371990
660616179
698751768
404589501
942424479
593085635
598166761
374951227
798606284
6878286
323611069
868296218
429214830
195377303
796662890
961386775
453485621
228021285
175494508
193497230
440712637
56491931
258687352
384599464
598722616
52169114
842956856
230408137
195125103
47317547
443258976
683180358
653288258
509112312
589405682
19252071
840942714
874649338
159128217
953066707
289493531
889230590
655645046
823603940
184932848
351521645
239531023
813760952
52410152
737855176
701130340
268237904
771256596
281339522
734018400
830709287
271602435
917644539
94780578
599415995
736318150
314933010
493553613
881587445
234905699
469613611
489178657
835413018
670474568
285891944
785463405
11783755
839785819
83910675
851952119
738982615
11724065
494706867
910511617
756119111
80338334
293958744
960700088
813012232
533770488
553130513
76298939
944618732
383795938
713935466
23204374
721792687
631387068
29036179
672167099
86477014
473717637
267036017
671811316
118086009
963458621
773144953
988221187
960700088
349771866
889255261
358357591
247191298
537079916
79773448
265424761
880430314
87118387
889704022
55225396
13766898
189384957
903742403
107847801
590708410
116123351
962030389
963458621
862635616
723488735
512536559
198346446
326251455
414529375
119220812
875920992
29939354
716426214
562512739
618367490
17025425
885627952
80999241
438356343
28064263
121429614
674659296
891308195
470704414
937523488
919749637
877141478
431677710
103114365
565052121
122011306
773144953
480364775
881713259
795211421
41972357
878461798
879656486
177501350
509112312
463404019
98552962
230263437
717458678
645548572
57029151
796254546
430340728
824625514
683739396
868729402
235985299
841641469
990348050
826845051
158504465
541093821
68182632
775304376
324931309
157289477
816616811
489908497
943707579
242091069
125199757
72195211
64365133
839268557
52169114
626356776
305463375
1497013
123993735
833826985
473604707
865909273
840506041
711265553
393359070
685683831
510623799
591507979
675878276
903936805
503906095
668095548
41941995
179744959
737558640
596009806
975688772
668705037
28077724
179002360
133431397
225592838
460119778
534339811
193232254
586407128
907978021
982292958
470535255
252275151
940635129
669927703
736876267
119175783
89680366
659151964
249789650
737855176
37379408
529157139
280039794
675119499
570206256
88991661
868296218
160460330
350397626
710119363
21234856
149121765
120997248
23204374
242187501
288180170
649243259
469388855
603806387
235423657
901136748
446498778
128746715
109862184
920054591
767422935
63083778
377576525
817868188
943707579
20970475
501880959
6878286
973304302
643343568
679630653
958593448
144645478
369841058
862635616
369031901
517518117
707527391
469388855
865909273
158247712
624262881
672762560
25598850
245125870
717594676
105206828
333158449
35310572
415589544
874836097
582693656
286522508
465079943
641322332
389358797
35359236
875803094
806368066
49685623
956502110
549927284
659151964
230827666
581510518
512453242
25012159
155113791
542322998
548652097
341399485
114416288
820121656
868701202
637120437
462193900
594799651
227111552
33323443
733045483
690597023
94925989
696333288
904195129
582334555
754645064
346003983
666271120
134236434
796162147
706425819
2583782
398836609
238146196
338341032
125002492
202907648
94438610
290044085
109409192
377254935
806368066
335317503
179112569
283827820
436100842
311106169
180629553
730574511
799230317
608398946
551784970
855525868
373230237
269536466
962115149
60641435
694116424
782217139
92394308
642945510
172575870
377576525
826845051
473018328
536322852
694738798
194911067
8375093
476844735
503906095
703913313
751647433
206420433
935624553
494706867
857314008
377328407
153695717
675732046
78796870
69261158
397751867
422495379
512053343
456852955
763167845
37682703
178813573
937468225
112433216
670018367
899249152
274029410
11724065
480091342
637515583
794249019
271805445
691419319
723528265
169133072
103114365
797625303
78207343
686931427
316376675
42386527
493083911
579354940
279184268
891371990
601957219
512494022
710040224
703832983
652189581
107387676
136048754
401911213
297508797
634174804
536726396
596870177
70627193
520017159
272861598
745876587
333074686
798606284
341669169
494706867
649141093
368199976
53323829
746583640
193277887
491431837
468783281
426891211
597378200
787732575
903782013
894829510
135294245
865825107
587337623
494113847
824368435
440444618
418899794
51309207
380189803
717999434
594799651
550050020
24088573
930960391
42905239
506481845
52945960
268707044
105424065
108093532
51309207
757160710
214335618
610578838
640910132
248138593
537548175
834333190
645977736
450809110
403818009
120997248
997322106
618473886
332103498
43545134
661249966
156023809
613281668
63465245
575957225
709043253
392359727
97993313
86011402
325008606
285631880
937842689
179151417
646224301
281013428
89528932
936545496
60852198
926722980
962115149
572125326
266535549
798606284
813021611
990348050
539485015
96290839
654140730
82417967
458655377
224664062
707527391
51309207
395182416
853734842
472398293
234602932
209496520
385411266
782217139
1137623
698751768
57161646
406313845
43891783
782217139
711457629
182657781
350397626
895082242
773123364
899249152
536577987
362793091
263836071
108999701
775304376
699267230
321673237
980174200
123435754
653124568
763048420
43997148
251456049
320367465
599298443
932021839
332103498
533165958
369954215
3259339
132496503
922910698
120997248
31534549
963458621
533770488
291444726
281614044
93171055
275159635
890978365
422793773
906243092
684507728
430340728
513396743
974194639
400910122
438147864
210212823
653000461
594799651
258145951
399272155
555526876
193497230
167292863
881587445
592370406
473717637
580279536
400446385
291224106
193463406
975085050
645977736
564338578
171035632
641322332
432672241
49813887
404589501
128354716
889363718
145731581
263876243
990355186
743073150
675164700
108813740
726618105
351882361
46346187
87367041
71667283
27103971
42671826
65930978
266365127
8992319
709617841
684693869
734018400
69979073
38383133
237946211
824368435
542650121
309721730
969474054
64384000
659338758
29939354
590011675
995935920
801988824
610807094
39590848
657094863
245831441
458274443
209473903
896055543
435025782
33877419
75379368
332103498
527177698
88987223
86105860
312439338
446498778
541093821
710820378
563681096
349771866
913111047
737955685
529073402
254117062
340915649
586354114
95380215
108009883
881713259
120983975
768491429
781836716
631432960
93656731
93656731
271080934
824699404
895232048
90473811
918372473
400446385
782844057
724752418
185775664
708481561
239778353
41972357
145731581
241036709
948904554
442095177
500279284
778640831
125606510
210212823
617472156
412864439
294700607
86011402
147165042
713646110
801988824
362793091
411813920
342882059
431016740
533447193
71228463
608730002
966384846
330402707
559791718
573923805
259230965
230074142
786832064
154746288
950709457
795827891
237388078
31562806
801392945
110115585
979444276
351882361
833174565
542650121
177109781
537548175
113677502
408056084
599298443
560139706
46546838
40443247
911040292
68459306
733487350
750440003
69620367
125858620
299010068
110599011
599415995
370465642
825373391
126644458
550873589
252375304
580681489
735456307
858592971
954969865
623854658
553488994
703669069
736655902
223071159
259677758
965216999
703194586
354429162
579206807
150733032
427964995
13388984
972725080
913793293
480775176
49685623
449347757
167502842
376507605
314933010
78074676
911040292
487745312
153551174
571422307
578138365
412037413
56011494
52124546
454514793
829041332
791819332
517416108
77989743
808426412
465919947
718515006
907978021
753814425
877037356
94239417
572125326
379950927
994450722
90181078
550873589
286222075
943707579
731834578
705973245
439229101
36610678
9687582
999458810
193399471
708918761
902057663
412375583
623593329
101436317
351867121
5001434
940635129
243147133
659264567
541093821
895082242
771447929
934634866
215245312
213702236
794090890
57161646
594799651
598166761
954659895
439876883
512453242
72834383
97012401
640962460
830794246
875803094
338579883
22808327
125600370
309297142
164866539
473151743
764676460
124851786
911204743
133193029
983710075
130966559
799231387
4371612
51363394
717458678
108969627
417458604
268707044
793843635
364694248
159561282
214335618
482814486
240090462
703194586
144414697
880760750
602511920
458391222
149416464
642511889
802903016
874836097
188663263
868171032
62158575
419853520
76869123
517103803
145731581
164946922
78097569
788171797
3259339
126644458
238839563
878323612
653040627
890868958
29461664
99788765
14858790
812843491
797625303
345448248
45973526
86105860
382846496
17025425
429039335
922910698
1380620
400328831
591303103
602270534
570654823
689343386
656950533
349771866
457074782
449347757
221588898
544655300
749346764
105338821
736135950
922233333
40443247
647008741
856977216
314000330
570936445
347373216
963405530
198741045
659151964
828137517
965451423
238000736
625118431
297987313
477828661
136988169
353126705
411347383
89748373
166893739
24595938
789921353
535871425
285631880
911204743
499093460
588934710
777489406
880430314
890821003
520591358
95416831
922481786
294380695
906243092
449869714
146325959
412733037
850441227
51309207
840506041
777462619
966384846
584359437
513461823
383388708
216245372
689025524
785702937
466253246
885627952
881960770
816426354
265582836
441108641
690597023
25840584
43995504
151126348
723488735
46598211
95380215
178585013
439229101
314933010
120983975
132269909
280039794
434628373
326432886
366518329
630474141
430340728
114416288
297828463
624262881
379814940
531184410
75190050
857194497
56693528
654069055
395505717
312959016
409884494
374951227
372203113
933662839
43841598
233197164
125464090
600975395
357830884
337576503
694738798
776041481
734664112
813009610
149094363
869233491
526372910
188663263
623593329
524954849
122528409
414925138
657900497
16303336
235075017
828618233
75190050
404080243
615576732
432809055
469613611
505095703
89242595
201324238
540205156
375079092
890821003
332103498
544747880
746092162
201795479
974142686
167502842
382563264
209494850
618473886
590011675
638320798
36610678
726115474
89159568
580698174
101846791
515208814
62604532
448973640
241036709
230986575
160460330
262964010
51155806
227430158
408394572
558028797
99928533
16662222
756477263
41718358
686931427
376620253
886825527
85523226
375720992
773123364
212230723
278228984
89159568
867921744
716426214
918325750
723528265
543321533
63465245
891371990
954797683
937367746
928193994
402502781
890821003
529401619
235985299
744816818
334479521
813012232
137219344
201795479
208334346
465919947
206662369
794380470
388536227
519480611
66098879
630627668
737450034
824606810
451392769
356362302
453841245
123645230
985113001
252911954
928085606
470704414
751857369
546644526
969474054
623593329
581876493
725547208
239915584
95177475
171864072
180629553
480527336
665940159
839268557
618473886
993647011
256262852
327584839
12768447
31562806
280986560
927887456
11119876
746694441
323547857
208334346
284301181
467352885
450276644
857314008
249584722
393216116
555124675
491431837
992375615
171035632
116729989
909129433
451534600
46598211
778493168
944618732
675159010
407367477
178810514
100213003
736905694
667866432
217284146
465919947
978776461
901136748
839946662
961386775
656015342
453841245
478294599
717999434
23345626
512453242
478446034
990569005
703832983
863740603
35642338
206187551
533787340
550050020
146315420
209499941
408999679
390320471
415589544
351687053
489178657
977184915
992915837
128365143
540741503
195866467
294897596
557493754
592034266
374245223
892404795
381797391
251571817
307552041
126618740
169871908
404080243
975297567
653040627
925522571
617057265
88570276
443158677
234213324
685577008
875985527
559791718
112433216
43023806
741637398
180737333
28007671
837327082
802348052
636286703
277377970
980174200
897407249
187459311
202041206
4919774
279744632
408999679
807781389
684507728
801988824
176399464
37738967
512536559
444922645
977429687
41972357
150733032
376620253
41430162
171864072
350397626
178810514
382944984
882973964
823963442
633985437
465919947
775304376
183589099
298865774
898193705
35867230
623854658
68700886
545427899
235487622
646281933
526783606
520796890
774811459
784920368
94925989
285631880
76909813
17512475
119080934
662068074
20641847
52351077
386379049
734018400
392359727
322201345
556416184
194443691
378311084
50885985
751939593
40443247
862924633
675798590
921365249
6315282
36610678
995733215
788105066
715347303
494706867
701219850
985821405
746694441
919854381
709043253
113895128
861770042
811121761
1067243
274438842
476357341
244500515
881382238
534952848
89055623
399272155
824368435
762130803
4856348
255262752
573639978
57161646
842434742
651829118
512068795
412733037
274438842
87086487
68700886
794380470
227111552
512396698
528912679
367408793
171035632
255635103
140223112
281871991
354417882
171864072
859593186
707594782
415585218
965216999
625118431
573084643
960577098
154766971
674659296
17853346
74802569
848031680
244228337
932309963
853693767
898449869
686642539
702950136
469942989
304441826
885591561
727768354
400328831
317410589
201037319
251100393
639610150
465919947
622602018
79139461
302364015
181973874
751002899
554409945
56740370
861693641
864844834
188663263
218744505
227111552
134130667
365617008
664359173
29497915
438086873
6006932
821157279
399975350
349771866
667430393
460544464
640306716
828618233
404080243
503906095
653124568
588464436
720378258
101887672
750024884
660528077
771815908
884414310
434774225
830448716
275391877
422481278
263275591
271602435
722757987
607410459
473717637
701178731
373007693
88570276
86873332
699267230
618367490
21614527
276680399
782292027
188663263
274438842
346232878
286222075
315581814
836207461
309297142
201324238
844210580
252805211
746254399
35310572
377576525
595773855
17262897
251018181
226727966
743652792
247946989
273064722
212230723
904195129
800705075
41972357
777177505
31791559
50246280
145778742
688484892
536322852
533264415
580914536
489178657
191318438
127881169
181888127
