591512287
173260359
840506041
273978408
589806848
178813573
572125326
249584722
230074142
53898207
307086709
969426913
265372489
120983975
75130806
960937192
196207857
391407733
670018367
209990872
455455438
776953554
709528938
578138365
705435226
56618665
101846791
733045483
182062957
484042393
674749138
533430490
786832717
370458484
736133391
214897243
32239112
852740990
998749101
821815669
257309317
41972357
959170480
905954562
843600295
134236434
903936805
512536559
533279195
285629814
292686363
235243135
119080934
894469384
329888434
617057265
509119078
738300303
751939593
349560571
113102703
990569005
662068074
840112815
146325959
154186425
464883525
360709267
786832717
17512475
442330615
29939354
997971303
594321811
580279536
322576545
294093379
126644458
103167197
100717132
226125270
990355186
155428989
98113693
684224861
136595110
824190555
238805610
597720849
67436924
182493303
509112312
35359236
836771751
675164700
962097708
118461348
669238195
678073451
819462676
796130455
617001514
403244456
177321478
144591845
216396927
627035770
963652353
874836097
318696259
754818016
460544464
18333827
775005045
753814425
42386527
214418329
29497915
2343429
550810371
150733032
160196035
998749101
90198003
204099946
257840302
471404576
491065840
237906797
149367507
40443247
314933010
637205465
9262289
273267653
605851572
295293680
512053343
547855528
455737306
969474054
485104282
35690802
140223112
140842104
777439132
840803335
823785235
340324749
911040292
430340728
198960597
174453743
371603820
771130469
223071159
520297502
56675347
205186673
509112312
307160747
28222339
658621053
69620367
881117554
188663263
822373765
392111078
780705262
369954215
323840239
6542682
311836464
703162497
794104092
787224379
210977537
984884714
92941094
136595110
756778722
912595948
62056078
324040462
441642912
193497230
781170486
378311084
802348052
129817589
194587020
381468052
246120710
551679313
623371220
51309207
532495521
756607551
496696754
60047483
307480235
857314008
302736294
167626198
110287241
135225804
943707579
17025425
414870388
894991881
940943199
89751654
26264069
964577832
711457629
719898570
106460790
840676638
457015292
998749101
46936214
184932848
500241407
596561172
73465599
969371022
599237177
399975350
67436924
634791196
521340163
369954215
962779360
194610229
348594037
349771866
699852047
25141346
828618233
33513968
393725293
440712637
320016251
494305353
147300030
843166004
716426214
736415768
661412830
811311671
472833233
887259390
897820495
147165042
49979735
157235454
852363125
791175837
273978408
829041332
52945960
721821336
185103494
669927703
231609462
787045116
795286519
495929278
437874941
620952315
119330960
6720284
400910122
534395160
176399464
86105860
234930533
961386775
994980889
354417882
648252828
585599428
363185266
197332689
138319388
628804261
26264069
201037319
97629152
744959601
287036993
313684033
925763250
438976466
626356776
865825107
225449979
783504739
828137517
734495430
526390254
546339358
652679237
149939992
36599583
47729959
140311648
658893339
583787226
988581591
705728148
171864072
280295037
712323620
174623533
426468633
167242421
736306124
94556226
781955045
148311710
690311420
392191636
777543322
669927703
457483503
468221005
89748373
524105295
759807033
312186850
435025782
664217286
849921256
722159920
481841464
535607896
175452037
780318954
697464831
130502646
979444276
511096013
408999679
120063821
66098879
327341313
496506370
585733823
818924857
441057560
65862716
386379049
373620918
5478630
960864148
489194507
369841058
100183682
910945550
701130340
612872373
442330615
3146430
872998247
977196212
652351866
677738899
470535255
679306531
23638991
314933010
881587445
832552081
908461717
114672039
531317370
25141346
624262881
272550285
8105845
706467741
212230723
542245719
529523584
703832983
314933010
204500242
683739396
182669051
760432597
462559696
382944984
889363718
135305416
400375203
111181965
186054649
175785701
595542536
851952119
717458678
439876883
981283614
944174928
697656741
985629805
401104262
125934566
853180933
800778062
460630166
17535893
578138365
550277486
253853888
632196944
602511920
761206723
697055853
63607613
690070362
78074676
235985299
118461348
771087167
326251455
372627620
52038663
76347739
361447388
259278444
525694671
610400662
617057265
538129466
109823704
49165553
56693528
932217040
515929448
371603820
179804791
115953783
36599583
434641184
130176394
421772041
894740592
979444276
429543766
277625716
665940159
615576732
916196695
482749783
309297142
746794579
797625303
107847801
51047995
118461348
331456379
253853888
773144953
43841598
687463596
201037319
858260569
642945510
128518889
349771866
960841732
318899234
978093765
935745197
103114365
969245262
901546914
931275133
234602932
535455686
411813920
608921746
802344697
119647704
580824143
969348266
391843383
572125326
154392883
176399464
724477073
281614044
43294487
333293035
301406855
388536227
388435050
865547886
958320638
14313541
872508019
659264567
297511067
444922645
402884487
781836716
927887456
289591406
370085625
286222075
466295718
761046153
741206100
116675468
354417882
572882647
65804882
11911477
641322332
433633418
962097708
393216116
622020193
703832983
664268117
210212823
235985299
3533224
666013082
109140901
971223629
204971197
357013640
36599583
221328354
516712246
209419365
45379090
924454039
354104810
780434623
318510323
705614720
963784139
300234118
445929295
458675016
667104287
259010005
707806073
847233441
964483423
442095177
800196910
876102575
308484993
806969287
793843635
309764332
31384951
111574008
909129433
133960191
139348000
605162023
180737333
127124437
959620681
54048951
706403263
214335618
323840239
513353483
712323620
559791718
13932201
194202077
115847913
612872373
874649338
235264252
798606284
478446034
882973964
688613339
984900444
408999679
382563264
366142875
189575462
949696069
960700088
460544464
773142864
750699676
806969287
613281668
920054591
749655391
126832420
154820999
276015096
351867121
268707044
179151417
247946989
939106453
252449818
880430314
408999679
441057560
510871246
312604638
392359727
59413784
657734046
465643299
382340907
20970475
78074676
165656661
252275151
596870177
715228445
275283276
271639860
115847913
186054649
782292027
703832983
91339158
894416410
225592838
318899234
610127971
324176504
337118934
252805211
6542682
120997248
701130340
958320638
430815819
16662222
381062573
999214108
440444618
393831478
100788099
683739396
281614044
139827766
159456571
75951009
679630653
204500242
924819678
408783217
17575246
863490543
11438040
187580920
30933114
708750735
265549851
657415863
499329279
660720054
347134048
638320798
798370832
11724065
80338334
465220822
535455686
22164239
926722980
847696949
656804339
849471103
967383759
342578626
116849946
888197672
880430314
562560365
161790571
906243092
437861099
14698528
215714766
59327685
589806848
442330615
476844735
523300957
828137517
751939593
354417882
64305290
752288777
344878722
920054591
672167099
621123368
103841959
354142677
247966121
723488735
236729736
558387148
29979318
481959074
43841598
50968100
233949989
50332124
990315872
640306716
252904593
437571559
979898744
55225396
81674428
266074509
120185510
408999679
6718986
874836097
591507979
138981798
659151964
842960973
588464436
630474141
19252071
141507976
51047995
588587329
145731581
684089150
119773911
163579965
606670571
794090890
321046668
81197525
1290348
830448716
6542682
501848107
736306124
615849838
469942989
682911694
35909618
876146299
291444726
247478663
68700886
252805211
105338821
683684937
411186867
43841598
504485
429569636
861212438
721163247
777177505
205186673
163579965
376620253
958018373
406071034
299010068
726115474
61242671
39997098
559242230
55634284
893878081
192693032
21888427
732290391
281132337
33323443
20641847
486541293
813012232
757084134
905656659
388536227
184932848
773123364
839946662
705868976
965216999
13729677
877456963
443158677
110287241
40608046
204500242
705338001
297511067
45302605
271602435
628650695
703832983
96648949
339260805
670763193
322545297
881575856
955313895
125858620
618367490
51047995
320359223
791991534
179151417
707187293
710560986
875803094
351854206
928260764
877021355
711351223
119080934
100420275
700790813
221513738
458463373
144414697
144835849
513353483
890821003
787191930
633235189
899249152
12524556
596870177
26466845
890821003
48321835
962097708
265072811
247471241
961386775
89609552
72634001
215114067
949696069
895082242
620641331
578816465
140223112
399272155
703444504
887606633
227159404
906243092
599298443
881698972
680984159
614224866
773490277
997322571
659151964
408464447
548391094
557403941
217034735
628604692
960700088
114672039
658893339
95602205
889363718
958753299
424144987
771447929
227111552
228021285
17572896
316093987
325466920
642974809
861872273
653124568
742695957
667028431
497376585
226125270
607926273
637120437
30300371
195987666
922910698
181888127
601196640
858880809
215714766
75812861
273786986
449827918
182062957
505646317
662068074
881117554
442095177
393000755
880430314
525921886
487860940
408783217
701219850
228021285
562592163
17025425
125606510
163579965
536322852
32037540
516059789
208334346
672167099
392929324
133960191
777543322
534768172
645771229
558622047
502340148
733045483
52038663
744636556
144744584
101860108
33321236
12838869
104480508
91339158
599415995
598388192
100213003
799735974
254117062
11438040
668989260
254117062
593335024
162689260
970811002
45651626
29036179
935349871
538247103
43891783
911204743
761602767
828137517
380065264
450686647
927887456
870866688
953066707
944026928
123863805
291444726
481959074
277456442
202236694
606143684
400910122
91339158
56002594
116011540
136144877
861075912
841260006
684507728
254117062
661290382
252640715
242731396
766837869
756607551
932686406
245702687
770409587
909129433
95177475
592943773
451249337
675878276
971808678
603434676
33877419
92898023
672733476
586329965
35916888
43023806
442603434
332103498
59047458
381797391
82417967
535899562
323611069
422820174
471404576
323411637
593082585
732081817
145731581
459372238
193530922
309721730
29036179
103928961
415770359
117915858
66098879
853726035
567531719
99653198
8865195
52410152
618367490
224822726
420041775
214460748
437504095
847727886
470069243
20970475
769246104
886100594
615576732
330346638
210977537
330402707
944313870
176346330
648707689
182612373
56491931
82417967
927705496
540741503
882821470
962115149
386777895
801249361
690899174
84642928
110966981
86105860
185433779
376670507
146691151
526510250
345396019
359386544
431827482
68700886
927887456
227111552
481959074
99191089
17535893
121648227
496629664
806969287
141726644
384117955
597897974
820913199
796130455
907978021
931447574
159512105
458274443
295191139
537509031
672771888
596870177
711748167
900177721
536437938
49685623
63693168
926722980
187580920
335233733
180737333
867921744
265473281
962448880
17572896
911643980
196971219
120997248
240090462
209496520
95177475
238000736
169309013
125418017
919749637
225431324
987839615
690343414
780015267
643091367
117471983
281339522
247966121
484052570
95545670
179112569
159782646
204993293
873253031
738300303
823785235
560590129
497376585
964577832
177501350
754750105
808167160
182292021
172461
33877419
184932848
959328386
505189712
373732549
299050014
984017591
86477014
316391589
626237569
439821980
603138976
950684571
65862716
59047458
95177475
535455686
642974809
509119078
101376054
599298443
599415995
701179976
112780240
51509087
502934076
882598374
377576525
322824271
412320997
993027642
452334179
52945960
469655452
31552956
415922323
928260764
75739766
82328828
646715491
969474054
970811002
796119245
76347739
439229101
479930554
122703899
762006034
458365903
211405019
26374507
41941995
694738798
4712062
557093267
155277207
123196726
564732662
650366414
46442230
569282050
977468436
944580279
793451328
308784437
68172479
145778742
619025919
412375583
326251455
176399464
246723466
17853346
429323593
28049922
828618233
89748373
644108883
578815351
664985128
491865918
172558354
378049697
853180933
605231782
29939354
254401067
709681861
865825107
469430135
328385842
197752643
537548175
214335618
290417668
112038571
640910132
223071159
60137008
549584189
691912550
586420645
841049410
466253246
248774662
69979073
193534254
973304302
166784942
990355186
6422555
461280699
182062957
451534600
892404795
801988824
787927188
580663930
958593448
965223510
198210031
227111552
189384957
318696259
114672039
818971797
467467188
252904593
78074676
473604707
589405682
36046281
272861598
238000736
330024193
850821637
194848479
17512475
80171398
60854402
690597023
822373765
625003825
866067398
370981934
857551529
33661026
109170527
167574975
853030021
732290391
212374982
45379090
115603958
695654421
602955018
266677485
23641201
547548530
651829118
370467911
29497915
735230199
974706935
634309674
58798960
717999434
56693528
607059398
119080934
913897106
398986948
88881594
414416229
335317503
890821003
99788765
87168384
904195129
79314020
993984837
536322852
101376054
88881594
293516304
145778742
427896404
736260051
415585218
37587381
215114067
899249152
535899562
868334177
188663263
412375583
637095901
760958594
363339840
475191198
189665533
517487866
465259281
225592838
734018400
623213930
350398123
613967830
494560632
318163722
988230206
369954215
703832983
645498695
784734718
167494977
501880959
45019215
749497825
564002656
695764394
312983677
951550670
623457201
697055853
473604707
622300506
923922148
696719764
655254025
21536750
100294159
733045483
701130340
88200654
559791718
550050020
291207697
333074686
5920357
189112793
323840239
129864820
278300909
221513738
667104287
205636417
381174304
647578122
917687497
366982597
761219920
360601863
470535255
196484300
84231252
239509032
935349871
569530020
294643170
404855269
316058587
140842104
495929278
201324238
777170074
979524844
726474479
71904184
93065450
27924473
911840814
120756637
217424750
274517899
33323443
101376054
443876632
607926273
45551885
651829118
60947800
158247712
89159568
487745312
269105945
560056625
628817582
103167197
16531694
56053706
953066707
966594395
86011402
228659302
79252523
21614527
322968864
14698528
158247712
188204833
125226034
800434636
223395187
630474141
841641469
324966431
782292027
375358834
593665274
985290270
433738173
470695059
650366414
29939354
509119078
249028949
860983198
227781919
751939593
844358186
520645376
826611654
487400785
823785235
712128331
96290839
415589544
472817993
61242671
49396068
757533833
104730690
249479553
740432361
618367490
475191198
182493303
101436317
780705262
249584722
381468052
820877604
67184770
453766957
465919947
797625303
88881594
382944984
51309207
94925989
163340890
875920992
111016806
82328828
644108883
512536559
606542778
342097398
112834436
362793091
47454154
141684742
911040292
686642539
146229748
47986867
145684145
196858934
470704414
767147874
727356342
113677502
97943107
655254025
180737333
369841058
810253589
542643442
881866544
587337623
893759355
705868976
996693430
235243135
888129444
804247117
437498344
860135077
712457257
903936805
778950166
652810461
909211732
17853346
323461362
464359341
285943882
253853888
850821637
11438040
701130340
626230977
958753299
773317948
731798188
159128217
234602932
42398192
979447688
408999679
701219850
115847913
383357367
684311443
472817993
29767374
927887456
674634579
694738798
412375583
230074142
30300371
50192190
869547162
120655847
139803289
253707062
665940159
983010749
810059
963022032
409884494
3295699
503906095
266932908
143472146
829041332
151261009
612467690
856570278
432224319
611385005
687767068
963761274
133193029
281614044
895082242
541093821
732498494
158065691
398836609
925732687
311063955
309721730
994621490
43841598
698751768
849471103
786116724
632367636
520870765
925763250
877037356
29792555
794380470
600846215
368230326
649243259
244228337
161790571
61242671
554409945
963458621
20641847
806368066
415585218
125606510
786116724
58341592
112433216
752795593
56491931
336277172
235697161
241197625
742535126
675164700
215107011
476844735
265872363
109382760
541739845
319065204
408999679
221513738
964936533
450809110
793451328
866127975
767565135
504160814
147165042
935559080
953066707
778813030
715616750
259230965
615576732
654069055
944351184
322288773
803946270
857314008
21888427
286879988
221603519
399975350
475191198
440712637
541240301
16662222
707187293
994801265
337576503
542981434
667104287
736031979
335634387
272141388
226125270
784290301
802348052
299247209
330944402
800600487
936621041
962433735
230074142
115541461
789415479
359206652
741968336
542650121
842335438
408937974
929064353
100213003
54882736
333291414
752644030
59326948
956233121
382944984
583787226
866363355
889322495
968873679
386379049
689025524
69002851
126916519
9792082
513353483
5380628
443158677
621123368
961086270
518568299
176285431
512453242
574746124
845333211
210414654
133637962
282713572
286719707
129522240
488386924
420238556
520591358
625118431
957384436
926722980
113677502
933403199
684293905
109074677
638756404
591507979
512536559
854621457
573084643
534031940
990569005
129522240
800933067
828580136
342062223
709182305
373131974
535899562
615523125
489587231
442330615
518706289
773142864
767147874
276137779
412375583
881713259
820913199
107847801
501487044
312094230
657900497
171864072
520372143
12612722
68917243
297508797
938846927
373007693
895082242
936252356
987211066
248774662
214897243
19252071
985629805
472372765
705391903
568976632
703194586
253853888
476159525
421117171
638320798
227755248
404589501
673301724
204060920
725471814
96284296
120997248
665940159
656709804
140290493
551235810
878323612
781955045
59326948
21523250
771447929
954842315
23641201
439876883
615576732
49548534
533770488
821815669
17025425
969853284
331772101
616657293
562963284
589405682
454668654
116815765
659264567
920334239
183313821
594799651
178943951
792951105
830040143
700790813
503906095
481959074
841860798
94925989
89821240
61500780
460119778
863675656
238839563
527060965
740432361
773144953
125747818
850821637
585566873
728833205
553177788
1707086
41997865
292109231
417291456
993984837
937854472
670018367
65862716
701219850
53100569
669927703
456738607
667104287
170395350
198697657
860850535
880430314
885679444
94484870
975328860
734886734
424797258
655254025
230074142
356751625
841624329
67014874
242306826
891371990
50474863
396575677
323840239
537868511
234825701
305728982
394062845
94484870
478446034
105048065
645977736
33513968
478446034
757487341
222021885
922275067
326251455
86477014
15827751
771447929
592364931
171864072
353565605
144021660
564223799
237703337
725547208
814539052
489929780
655254025
350397626
119080934
820759203
723528265
381062573
579076751
764676460
80079255
841042353
997739033
778534400
150733032
232058969
493083911
828137517
48085485
869547162
119206792
330346638
535899562
861693641
909046800
725125489
747443291
990355186
569485155
130906274
451534600
233711647
472817993
891024414
403380812
841116176
211405019
946134400
178813573
433207072
624604381
69979073
115541706
509718289
847167544
967428939
378049697
465380821
684224861
430340728
100294159
477804068
46103466
800101744
562963284
989584830
67184770
578138365
599961455
13850872
414416229
745953373
180629553
670018367
22123465
773490277
113677502
965223510
99582809
176805418
935587415
493083911
754044
983989789
542028907
678838642
132754738
895082242
473717637
276137779
180901385
126715209
771256596
101303700
371932919
712323620
222083303
853433768
180222039
596870177
657734046
599415995
903742403
129522240
881117554
462283701
483370025
932410776
655254025
806368066
49685623
210494098
496506370
49853352
632809668
688963714
797377031
29456867
319626541
107582278
275270602
807406027
578918860
869206914
420905234
83135223
847141047
689025524
165205766
200470648
176864083
692322465
533012159
68700886
630474141
736367134
496629664
298920888
280039794
82417967
966315064
540741503
394609757
473717637
535455686
25786909
143439667
511713389
253570420
728705092
913730664
236150359
796130455
226125270
489159631
559133485
34723084
17572896
16460302
273978408
624262881
369650043
589069615
615020309
975254872
273784890
967606909
180629553
726174886
410775283
669927703
239778353
830957100
865324268
378049697
236420998
393831478
713646110
845678561
653124568
482485834
68148021
442095177
241209414
770610082
408999679
495198432
456738607
730574511
323611069
800101744
612872373
470535255
161528829
712323620
364807458
564423227
286611401
917669783
252471374
554793850
409012334
366518329
176346330
878199021
22271038
895082242
419476146
496506370
594681045
485023079
415589544
380818896
58094179
416021319
698416130
505001397
107151706
962115149
965457781
853180933
983010749
923861972
877037356
469430135
90281153
9257333
807052459
114672039
393831478
268296650
31562806
947671951
35310572
920918257
662644505
737955685
773123364
86477014
862976576
511777710
260392286
645977736
975895970
351882361
969853574
318899234
569508300
746794579
970086607
687153612
641322332
21677035
259677758
388536227
179112569
414858037
525921886
74458426
424453950
247946989
524954849
464155415
433207072
371603820
303576770
101436317
43841598
118428284
797625303
963050649
337118934
939106453
878476518
982166265
489908497
110586943
646927558
762883778
27568195
659694363
88903252
234390312
849759260
371603820
607926273
69979073
600762517
967049973
745687652
29640764
555951539
46475168
7016093
656948516
305621451
61364488
116849946
900065070
916196695
751674295
142568936
55225396
963027917
137794978
978776461
995935920
574569171
901136748
88881594
496506370
907325850
964577832
522922860
35833439
841268744
253853888
940763300
30014897
415585218
557066453
32197359
784181810
469465565
786832717
526525632
521582424
785068206
120965521
580279536
167242421
123694879
945949990
902883232
288877104
848042164
11438040
224429975
15241759
313230981
798985363
416021319
247271663
63465245
921241681
201795479
907978021
223071159
862707803
896193255
173576865
469430135
990348050
939615417
320016251
316391589
575892452
259230965
512084965
991959032
860896944
569530020
23204374
420561930
984884714
54185803
952327548
875803094
118461348
193374954
94925989
531972787
810059
413425200
298804904
48567038
281339522
80583475
572911542
350397626
862635616
193497230
794090890
778330295
786832717
137219344
571972061
144645478
659081832
554793850
686874692
61242671
125199757
328481122
182770327
835756076
731518523
469942989
512053343
495097941
712040759
43643226
64384000
259055868
830448716
347232770
861693641
805781476
695393521
516350222
66788125
151347053
21047744
231073980
282391373
176346330
410233320
481208019
729673056
281339522
828071014
254117062
687284487
606832656
493219722
20997302
214949876
116849946
927707621
370509746
624262881
4576744
861770042
984546876
878647367
113677502
172019212
256749830
430149346
747443291
435329386
20625911
744631152
824128478
881866544
554409945
320016251
249479553
542650121
197788438
683059874
584479597
615048269
131925610
33661026
95350997
366982597
501432559
903936805
209496520
877728665
13275176
940635129
566427048
314170216
795964256
145409761
32586631
68182632
440033220
147165042
34723084
393831478
453052712
499034450
609723906
999214108
656679265
687086829
742039649
16662222
282434973
969121389
736367134
636217585
388717849
442603434
86011402
617864469
844413744
504359202
147392264
586974771
189384957
133960191
679738922
689576488
966629123
69472438
800101744
389538325
901875061
674749138
122011306
180737333
362632856
599111792
651607750
164529490
774737192
794585118
112834436
969474054
8084050
820759203
467467188
442095177
326814842
9257333
809475159
323840239
31084158
192640712
193374954
595097893
912883420
945886211
333158449
726174886
866310430
641822402
362830292
208334346
512494022
302602605
49813887
891308195
909211732
598166761
57407976
786832717
569530020
37261984
473018328
146462626
958753299
473604707
508731332
900006467
187741986
462015637
40074976
798209212
431827482
623593329
215714766
141157236
820913199
15528959
909211732
56433789
677837061
870792652
84964455
606670571
540638218
473604707
919749637
6206923
488771381
924316660
920334239
30300371
252275151
800632804
641448814
720753681
626356776
758805230
270765538
377576525
958593448
125562083
965834330
21523250
63915865
89159568
362124871
920334239
180313685
243267463
976836695
422204423
435025782
596561172
707187293
67184770
68700886
711206021
763764875
963145380
892186826
102190796
623854658
69832325
968873679
826845051
9985172
735027328
471056988
934649123
61242671
378279796
875900693
43023806
456738607
104653733
261987540
225592838
512053343
48108494
692921213
804200565
174820525
674007615
491657110
72834383
163707218
252904593
781823532
183816111
927887456
274693483
700473419
81917034
575787861
444461346
193534254
472833233
781413563
615523125
795286519
725125489
23204374
415589544
408056084
137112896
926637770
550277486
520356878
898560532
869206914
911040292
648753863
345597132
935349871
123196726
350397626
445792833
691500098
429274673
23641201
107565344
690597023
309581589
632367636
865957770
911040292
622137608
714370616
117248993
125461557
25624741
547575460
212274703
185260690
281614044
101016741
525921886
13667514
369954215
782217139
583324249
479167081
213285337
227889696
460544464
263836071
101846791
409884494
602359506
294897596
293505033
262075632
33661026
383485041
317740077
128365143
988652824
31557157
125199757
839946662
9583308
831181300
373007693
865045332
588464436
227781919
210977537
800101744
471099277
24088573
744534907
342578626
547646974
51980279
881587445
443469253
120151327
465152144
877037356
140928211
599298443
349771866
849106126
76347739
56693528
690597023
239778353
6542682
380583153
726992322
40979171
398992045
80999241
405661515
388536227
594799651
59397839
127215059
469613611
148274689
3259339
859593186
245903535
125372345
247918989
9240337
218492289
487910926
775877866
711066430
121258955
83964021
976012822
736600207
78074676
141338539
847727886
798606284
677316172
965223510
799080101
907978021
47029773
176399464
899249152
96249173
676444236
299247209
821622986
573084643
281339522
920800698
412375583
512494022
478818148
490100178
961911916
184804312
438226844
962097708
31795728
50567072
624137092
772194117
767304508
659151964
864235122
43023806
782926793
114208514
888310213
96296573
521387464
299247209
496506370
214750934
972235135
125606510
983010749
42871296
392191636
703194586
426170326
610445618
709043253
84337407
358988494
281335419
49813887
252564876
583636763
912191528
15199434
125219352
209473903
101258942
487745312
516350222
302431882
747443291
82328828
181135233
145901612
404589501
941529285
109696955
15199434
641867977
798606284
927887456
109536774
373732549
263836071
156680910
776183624
1490855
944618732
376549925
9257333
471107527
773027956
893281828
501012280
114672039
509728375
673407032
857971246
195689775
679814620
61825151
411813920
107633101
916272945
642511889
434949245
623593329
382563264
563076520
125858620
547347446
655645046
436100842
472833233
314763359
332717835
657900497
911055077
54027815
987832455
69037482
16056761
168162253
56986099
525520684
674659296
366982597
343668185
350397626
654381646
747443291
644563961
429039335
509770546
440139427
271412503
601581249
578384724
330402707
764676460
201782652
571800587
351882361
954910579
858475650
523412192
11724065
358020071
9583308
144645478
724364670
376940358
710560986
775304376
55225396
645977736
857314008
608026539
426773822
295191139
76869123
866310430
22880593
501880959
781823532
812383070
281339522
228280020
484886816
61585444
691068910
232474764
25141346
982292958
731385931
85130580
501075015
47421984
881587445
434756216
100213003
944618732
136227266
580279536
752147943
927373933
361773815
438495943
211405019
666746175
54829799
202640757
445792833
841258873
26438797
569790187
178813573
434756216
73874364
735199793
989283474
743422445
643832819
882973964
668465448
864877689
124007350
988992007
742099681
426275902
289788069
24815062
993984837
599298443
858793495
594247220
446910491
911204743
176399464
56491931
850821637
125375310
501880959
219073508
877728665
374498556
651572922
123196726
822596948
361760706
777840253
646891380
754527788
101303700
245633593
24088573
91422874
244561617
968873679
662644505
398878940
493083911
123098860
990355186
484687596
948295134
86105860
981294262
158725288
860135077
684224861
656819814
918307312
414416229
657734046
21614527
157699846
660211807
991466979
659151964
734886734
3259339
592260826
101376054
722312799
93157306
116343769
650366414
193374954
356371642
680480189
173576865
212230723
828137517
559791718
692248755
144414697
369841058
440444618
212230723
560758787
930498777
354775727
519068752
831483056
778330295
94484870
386221218
15919145
263836071
272861598
235985299
948721737
993537
874675501
91254115
85804748
564338578
429039335
598777506
555735685
397922458
666746175
473151743
17025425
868296218
449270106
143463870
816567220
52410152
305312489
106460790
954660183
533054967
33513968
606670571
32778817
894416410
442603434
841258873
776069566
337759274
550050020
82328828
880682476
897407249
948377013
920334239
63465245
141119930
791959417
167242421
828459608
612872373
211405019
963652353
51155806
962115149
822717271
452719745
333158449
405934185
123735218
308265272
777170074
328451512
358944308
640910132
115839369
701130340
56491931
330346638
726115474
496629664
230074142
827228076
102347104
145201384
193374954
594350777
533447193
925763250
227430158
495588986
676350533
674749138
21614527
446498778
862635616
183589099
662229254
593082585
180618940
111298521
340613773
37149278
471731401
877037356
433207072
605162023
404080243
390069248
183313821
561020447
408464447
99295418
666746175
307066291
679402799
545668686
355703506
777543322
9583308
875920992
158247712
756504978
834500548
267163582
115847913
545196023
6846283
430796399
292196383
8375093
254117062
304441826
916196695
445792833
332103498
53524618
3794511
737813551
60540843
152299233
303576770
589799144
204023264
299050014
607782811
70963579
957032713
50192190
415857686
809475159
144634250
441057560
119080934
446188021
83612544
357632600
675878276
709260164
393394617
970726916
256262852
93656731
545269950
881587445
804200565
589405682
889646904
683151080
985629805
561211398
707187293
54829799
29646253
343714154
540741503
173551417
252275151
988499927
709043253
56491931
460119778
136064052
27946569
446498778
42292432
42386527
167313028
33513968
381468052
618367490
591332191
734886734
155701313
261613228
145536966
715843325
282616813
316029131
911040292
501880959
801392945
671878750
301069617
916647131
455955223
736306124
227111552
429039335
707187293
590011675
26825117
404180301
953066707
792506369
941263895
547749725
201795479
453052712
176399464
513353483
502340148
50158072
773123364
23204374
878291167
905411910
307552041
230212173
342712174
399097761
195118825
145778742
168449962
17853346
796183674
376620253
853734842
226700140
554793850
238146196
729299222
774892347
75190050
484147010
512494022
88570276
35310572
677981811
286719707
596561172
330402707
169521063
54829799
136132454
982098662
748364065
273505824
78466962
228244943
489908497
420041775
27058297
550873589
511881084
239778353
487767069
964577832
472833233
681427592
34723084
43023806
781823532
108969627
51155806
992193632
132326785
93987282
34723084
745426743
572882647
901136748
266119490
683151080
281614044
177760976
714920844
80338334
89748373
156559534
564223799
734018400
152816839
445704802
345824215
495500486
820120418
259230965
794090890
49685623
840506041
493279753
87041132
322681016
990569005
939721647
800197567
21614527
88570276
910695394
307552041
859226267
426443982
554409945
294897596
865825107
825264848
487745312
228280020
684239652
851642004
337517278
427246125
920054591
319804194
383485041
416689163
793843635
408783217
466253246
314933010
120045454
452515047
709043253
689576488
674659296
171864072
59047458
978776461
869547162
912831364
415827448
23441140
998749101
909253768
182493303
134236434
710040224
63465245
569688587
17531737
421812662
429039335
903742403
21677035
96750410
908834852
624979174
304441826
132452746
272859885
473256935
19960858
134236434
765109637
923861972
615576732
651829118
618548350
383485041
881117554
386743853
241232096
36610678
757160710
63261909
637120437
506752304
756607551
919564335
181647387
522047233
816334033
782217139
325921317
442095177
193374954
387122976
125730956
86105860
679930834
125647630
316391589
67653882
408056084
244805696
788938627
894416410
318899234
740750020
891895897
128733726
131925610
307552041
20970475
293994807
4794862
362793091
667764148
32037540
675164700
663380209
192444106
669623249
897407249
111301842
176399464
268166059
983010749
42386527
6991305
657734046
307160747
516350222
351882361
30014897
503572624
690597023
868078717
737864485
106681433
393000755
12858492
95602205
61937066
16662222
67057291
747443291
9293487
21614527
970811002
615892413
280039794
2570590
703970079
942504221
110692597
844683359
617057265
865909273
503906095
710560986
169309013
115401477
407009028
146325959
482225929
793843635
536322852
312604638
953066707
102151559
654140730
304441826
385108471
536597667
659347516
259230965
700790813
241349463
596603435
84998868
469942989
489908497
904789550
426154486
7651087
570690914
773123364
75224980
334920815
63631549
587934609
150400626
19858129
469613611
145684145
564223799
377328407
161974822
846547457
51155806
501075015
442603434
448266141
809168479
548755481
581535233
133258138
167592658
611887190
313870268
124917221
91440652
171035632
4576744
958593448
369954215
464441552
623593329
196319149
843215730
36599583
309080137
941217943
734886734
625003825
35571990
882973964
598822855
54495859
208569115
476652457
759474916
985147305
615523125
228659302
893281828
378687402
773490277
655254025
473151743
657900497
249731634
350773561
26264069
802348052
368436230
801429078
446498778
307552041
23641201
956552928
868052164
150855317
102874302
587653197
948869171
61242671
443158677
479206958
375358834
89821161
947228394
180737333
148045437
207446118
9257333
617362086
359689118
875920992
669895916
572125326
658178845
409908428
813044415
322510034
495097941
777543322
274206230
251975986
684224861
214051407
966384846
804200565
588464436
828618233
615781168
299247209
366982597
289788069
688988391
701130340
859535926
971870843
408999679
133193563
659151964
644320729
215714766
139965947
7016093
238146196
617345850
284299579
935330578
666506168
902736297
503906095
445511388
132352959
59397839
802145717
612467690
657734046
623593329
826845051
257964808
296781766
840506041
612373040
242216499
163967331
760156036
61443540
697055853
761223416
92140717
813012232
101708181
995935920
182062957
181665116
140841222
924771150
460544464
299010068
158247712
211405019
730574511
47121479
607926273
897407249
736367134
499435902
589568328
592580938
500584201
415977820
140247073
945949990
383795938
875803094
919854381
147184133
377151354
404080243
143472146
193268721
18598742
230720620
278170678
308030988
594828998
15576235
732607538
52195174
314933010
121013104
849471103
453052712
15199434
958753299
412733037
718950055
389583453
291224106
985060347
177501350
777170074
721701744
593711235
868599977
761195157
25141346
780525938
95254476
76347739
16514709
684507728
866296608
78700015
151735616
778950166
756505065
876566251
183425381
135950184
408783217
815451805
939326260
988058546
607926273
469942989
910945550
417080159
940661494
76298939
170862987
826293377
600309592
92292136
394006630
369841058
626356776
145183898
582588976
685424247
232433877
80338334
621174285
107847801
564223799
642511889
299247209
472482209
869206914
88570276
455717428
866310430
43891783
700113042
268707044
63253802
427631134
4148130
461761894
65562279
370575718
161444692
857075621
41972357
30014897
429039335
565705033
957365279
464155415
683791171
899249152
486010924
747492092
35359236
39319532
686845219
36610678
419331958
923908833
674842879
760945741
376670507
596485229
687463596
68700886
450220568
123035923
878461798
443534551
869190370
642948862
101303700
174767680
6542682
369954215
280295037
33661026
964628657
851952119
14844096
509119078
199174033
89159568
719771605
323611069
168202529
119433176
554409945
995422359
671242228
20641847
595696442
253853888
645977736
379954410
881587445
369954215
86477014
584180116
804575558
400106936
101303700
206662369
499433244
136099704
537389363
592364931
323310680
272478179
854777376
521157720
618367490
374951227
643047886
449347757
620271396
412375583
56693528
997303616
64993301
59553780
7529722
78483659
482500252
550026523
542388161
534506329
256262852
762326765
388287865
255965360
45379090
91949415
61242671
52169114
602955018
667104287
841258873
433691783
91339158
610359822
855123358
22164239
142829200
598996096
126644458
82755059
860135077
531295988
736318150
550277486
588104889
962097708
580537021
479634228
133388706
296495768
414416229
299010068
495929278
868296218
277456442
564086031
9315262
108154117
640306716
297508797
225592838
945218995
705868976
927887456
673054318
357948535
376345078
678180660
659264567
59326948
20641847
234602932
623854658
240090462
596870177
116849946
221513738
69620367
17490179
219628312
487745312
95177475
790324358
988058546
988058546
597173356
982366412
963050649
719301954
398986948
322571593
580121948
263839426
680377215
982292958
116815765
453841245
326251455
724364670
658893339
890642904
114416288
291874339
57046868
297508797
894416410
985629805
624262881
381181555
2367830
434491355
839268557
853734842
607926273
91516845
522597460
631432960
144076474
399243954
737855176
497376585
649398106
194634110
107847801
895055611
642945510
810299858
286719707
445792833
366500292
538218538
198325747
515290254
901136748
680961209
377328407
619899983
738300303
11724065
720506000
249584722
415585218
779296209
962097708
777489406
392359727
456391280
633516883
813012232
686642539
451985726
753814425
649243259
606646977
773123364
617057265
622505547
299906951
283233486
435025782
618367490
279920765
970148817
17572896
517108894
645771229
46346187
711748167
101860108
960379851
687767068
235332348
541093821
182220049
355836529
828215505
70245637
299247209
743068219
409713457
783954078
881117554
107181746
845290325
724212857
891057709
382170729
887454317
655645046
856132652
408783217
277485361
416021319
227555360
24595938
168191757
122011306
965834330
557460867
717800144
59926372
186054649
23641201
745664633
689025524
115973324
527275121
159128217
925732687
265420368
155808830
92252689
629267261
252904593
494560632
433207072
635945374
261150670
173265268
478446034
103668017
610578838
102804757
929064353
775922772
70864998
22164239
412375583
60137008
916336935
640910132
903742403
471404576
295191139
797625303
795113012
773142864
492020103
596870177
770444881
821622986
49813887
381062573
675164700
964577832
853848917
251082871
583968603
533447193
280166980
612467690
78494047
624238559
400328831
597881142
118461348
611266375
316391589
8300507
94484870
995289429
304441826
99788765
948467460
606881553
78359926
101377308
256062340
640306716
100213003
473604707
320845368
239586744
723488735
481959074
291224106
21677035
442330615
54829799
435820942
180577774
405682379
398516275
670018367
913177752
271602435
757511138
193374954
76347739
994512599
766722701
920334239
589728877
881575856
746608113
869547162
813012232
31562806
469613611
495658380
683099288
5920357
794357471
378854679
75099954
901288473
218342913
392359727
914553558
270523767
101688952
625003825
404080243
593082585
247946989
856754038
249479553
229975368
193374954
800705075
593816659
86477014
103114365
375358834
227111552
705868976
13834232
538964112
176399464
910104566
182062957
773558425
751939593
771447929
669927703
604041536
689025524
30300371
55655387
502340148
712128331
513353483
436100842
809475159
982292958
965216999
159128217
561395082
517201150
182062957
935939413
129550258
602658089
747443291
131925610
101994805
824672162
801988824
545427899
703832983
620458844
121301209
45684361
997098604
902057663
112038571
615951208
285631880
889363718
742532452
392191636
488569931
566392200
136595110
297511067
914610416
591905495
213509828
806368066
640910132
282092487
121834862
186376312
901136748
92150437
378311084
299010068
604974170
963050649
127325581
822851897
665940159
925763250
142578950
961386775
65904918
441057560
52169114
230390392
785109118
349031353
43238983
545427899
103114365
991466224
586578159
290095185
136675607
89729779
69979073
114556835
872318330
323840239
175880792
138439463
877728665
79139461
285882
411919124
191454809
877728665
86105860
783544488
848639794
657734046
542650121
501880959
521790479
429333495
412327487
74710351
826833219
821815669
82763179
963458621
174623533
443158677
838823596
109434110
376620253
526380207
667104287
816791315
836207461
936741405
473803218
975889773
12838869
711413614
252805211
193534254
496601748
881866544
478820358
598166761
273727064
369954215
145731581
249584722
447893482
749431840
239795221
17535893
449347757
450809110
736318150
81308298
28845079
725125489
32397963
695393521
373041569
828137517
169427375
749346764
106678661
434158417
983010749
984884714
88881594
335634387
16021650
963050649
737239561
183589099
89748373
482500252
686266879
101376054
75190050
78074676
406164728
555951539
163643246
445792833
457642217
45879926
716074236
589405682
123644958
100189631
686642539
921168082
902057663
584379472
182062957
768590855
460544464
907549921
35617591
473159119
811585760
640910132
94107354
891308195
951643084
469942989
92913154
520591358
779934486
26027929
380621184
176346330
257277415
310705208
74714170
79084330
86011402
399768767
140417538
4576744
297511067
189384957
519296513
509119078
767443147
161790571
131982346
31562806
692963217
238839563
868296218
294541784
76347739
447219666
174535928
110922298
971598440
460905723
285972839
45688270
401492163
721599824
813012232
62621479
879668555
52850962
764941519
271602435
511171382
821622986
650366414
465919947
386379049
793451328
186054649
713985249
781823532
59767509
8639859
977773828
416021319
91008414
370467911
505380479
777177505
242325280
382757152
377102034
550050020
922154695
71837073
740432361
445792833
385198427
662867658
795277032
687692084
771256596
673996804
923045483
47979991
57046868
801731918
588688451
545427899
96816055
755229101
722513541
383795938
481959074
86105860
36599583
34723084
830655761
115847913
114672039
113677502
36599583
602511920
592398576
689171710
821815669
572125326
777170074
153558837
3794511
604905264
816208020
478018338
8580166
984017591
733006384
370467911
14143080
861854605
16074610
8375093
354568763
30369517
437498344
399768767
96296573
6878286
214750934
662076842
891567121
593457600
49813887
16265002
286222075
94797998
404080243
885627952
777489406
920054591
281871991
31948723
834380541
970811002
743068219
780705262
709043253
712323620
734886734
363967722
124260179
545353405
898170120
602658089
30300371
370905062
509662630
143410883
57981968
274438842
862646012
794380470
312604638
703832983
342526930
303489339
263339604
984067998
186054649
348760014
196484300
393831478
590011675
651829118
464155415
68700886
502340148
773797832
21523250
112038571
294897596
101303700
642511889
89891160
773490277
685909080
806368066
712323620
386923
54829799
861693641
934107400
322537090
481148686
737813551
675141185
606610243
101376054
631720787
536139429
9262289
520800975
980174200
48229720
342578626
675164700
408056084
138276760
874675501
159037093
821622986
55069624
653000461
774862585
335634387
469613611
171055451
451534600
625118431
518726821
732290391
337576503
796324374
515202857
536437938
734137424
818446382
183589099
657395362
444922645
508182210
297511067
611044600
828189494
451985726
243125391
469388855
470106671
904885396
440712637
387338849
291444726
540741503
535452861
721964198
161790571
672371150
869547162
101436317
76347739
364574889
342573490
199824832
577747638
832126722
16413288
493083911
49685623
129522240
381062573
970811002
370085625
429030214
482500252
65359712
47722257
615892413
863569244
6078278
737813551
185622979
602511920
850821637
41879086
533447193
701130340
226125270
861651201
596091313
562512739
105338821
935349871
67561268
382944984
893281828
96290839
354956277
750977838
129522240
281614044
780437020
509112312
512986980
645595234
421540846
368695162
568177462
323611069
517366483
155428989
771377408
908288867
824058467
1013991
501012280
930592018
421117171
636137433
68182632
560509965
701219850
935349871
67373279
97961169
248774662
995623838
994333164
942570186
133960191
775640388
880792572
224197610
765469740
890642904
624361797
259697338
458274443
122358024
895738205
246278403
272170113
316391589
442330615
870450033
699267230
999909387
109385790
44010944
180618940
781836716
201324238
415589544
171018013
353910436
279184268
939106453
707567964
46598211
589405682
618367490
272113334
35687614
799248566
29082654
716426214
522489206
963027917
66788125
841005802
68182632
562592163
878461798
76869123
516309646
523437094
299050014
245607308
511364995
332103498
181512056
540741503
451534600
697055853
697055853
854713738
649998135
290239957
587337623
473018328
227111552
494706867
436922850
446498778
319320345
707187293
115847913
558803959
871522801
352049289
966630958
569201406
78109670
602511920
335666659
643000505
963410151
782719942
959170480
945870055
41972357
64474929
513442995
392191636
293516304
67436924
55208906
762740404
951346468
489962266
854621554
778127857
319803801
602953119
551787556
667104287
612876592
291224106
75190050
373732549
408464447
744813207
891509705
777177505
472817993
410752845
822373765
651829118
948770622
687153612
555951539
762326765
30260904
193214685
116750882
978776461
173661613
332793030
68182632
112433216
326916820
843230990
988058546
494252339
965223510
858945902
177501350
61242671
76298939
33804906
196889604
114672039
626356776
71604165
591507979
449270106
667104287
767465540
406574677
8166524
676710628
64384000
360468533
456738607
424152408
919340403
563681096
270809548
296315803
145731581
299050014
337576503
479057019
434756216
749346764
255581397
775304376
238000736
239778353
515929448
320016251
689025524
373688401
182669574
619352781
375145016
989305986
92384616
869503798
440444618
76298939
629206996
128071980
323840239
133546252
109124339
82417967
110950187
618367490
746694441
729127665
801392945
626920295
16118160
428328337
599298443
398836609
799226432
112834436
572712760
693048191
205186673
678410133
776468400
731915365
692145973
874675501
703970079
430561372
281339522
98767688
257259564
147165042
522420133
399272155
223763693
412733037
537167766
103114365
291224106
798985363
161790571
170896149
833904894
297832322
854105750
189287702
967245735
208334346
562963284
711748167
545013603
361128955
542650121
375869809
103114365
458274443
457975294
802348052
183589099
29672652
881713259
538732633
107151706
821216825
565463787
781294705
963050649
648095671
642945510
171248640
826457431
71341080
337576503
178801364
342578626
990348050
993646754
283298947
453052712
925716121
322833307
949696069
247966121
529157139
92384616
201842524
882973964
929566885
714340277
101303700
354938143
286879988
602658089
744361331
21677035
990348050
476844735
51309207
72834383
451985726
146628212
390387319
583274021
481044654
928214292
584714181
78739694
588204333
761337490
771256596
461354487
175719357
645012492
294119747
971485872
225117932
697055853
434950050
335634387
502476709
837540072
51309207
176346330
610578838
337576503
94925989
249899648
263119857
530059081
452997190
632367636
862432387
96414450
578384724
429696563
34723084
357481313
970811002
687767068
663122619
244228337
33513968
470182667
163967331
449347757
683739396
570449993
928260764
476024718
225592838
928260764
106320447
813110425
89159568
968873679
241126354
305622033
858846037
228742411
910945550
723488735
820913199
540850670
998749101
246853652
793451328
79377660
847727886
904315972
38282997
197457427
259230965
66657722
171083005
434995235
101436317
77085610
814090918
736135950
550434545
151310948
60540843
736367134
454411729
838775298
201795479
709043253
47844210
239159858
248774662
756607551
176399464
623854658
193560017
424508524
59992131
145684145
442603434
283184263
916011895
613281668
168903193
126715209
96296573
880430314
632367636
280039794
828618233
125219352
385461675
60824907
409884494
178754143
404080243
210212823
622343743
234591353
429333495
37917525
102922131
86105860
240803134
732290391
958320638
879668555
204500242
239125752
74739933
368317639
721022338
332103498
80932423
247585787
684224861
398986948
320922293
393216116
293505033
423447772
450293718
533447193
147165042
777543322
484734919
581583289
444922645
307138370
601067468
181888127
411136328
36764709
293282703
182493303
134707263
641438867
567085114
936456505
945949990
576517533
993984837
67583803
436100842
88881594
729776695
839268557
108969627
1718148
67436924
21523250
766624097
451534600
252904593
477647710
26216992
92394308
676783890
189279986
975889773
798858140
52701614
440444618
674007615
459869600
75190050
123196726
103286440
527554802
963050649
887901528
553829872
657734046
916196695
13985433
181187554
816737217
700790813
409621421
415589544
150733032
444922645
642768495
812750726
131925610
687767068
881866544
801374504
110287241
560492046
925763250
650007298
193531251
328700771
59413784
145561045
141110819
685365449
553830228
67184770
992690743
50308721
166120324
30316281
945700064
489525095
821216825
123196726
412733037
841258873
945949990
193345053
861770042
41941995
819700174
172298738
711748167
105855479
871333827
88205720
460943508
327537451
961386775
687403022
572882647
272861598
632367636
45379090
743422445
562500030
30300371
105064741
659598021
734886734
128365143
707187293
56491931
958593448
853693767
858090261
916445528
15800322
939106453
839385556
664263206
587337623
608083035
104493622
852059296
57178759
207515896
5427706
673482758
20399724
806368066
771665751
425219824
299247209
556116142
456738607
30300371
775572200
523773889
450220568
580279536
784368725
25141346
864612469
559791718
136595110
702985894
840538148
533770488
771447929
594799651
111793998
925763250
238328024
601477617
799846675
454335288
777997398
663612443
43102602
599013426
410493539
503906095
524954849
191454809
795207628
270294366
323840239
850851020
126715209
333729223
351882361
712128331
82432001
874675501
184932848
501012280
988249932
646728932
33661026
26264069
180618940
205313014
752459631
799346166
654140730
816334033
426892818
722423305
208334346
153425317
117739356
778027624
150733032
851231461
63465245
716795792
910695394
59413784
764703877
189384957
811337320
318899234
777170074
956211817
823785235
423440593
704724988
200540968
24069786
272678680
193374954
4148897
863415154
35310572
495097941
782217139
159038601
572882647
699267230
54829799
881587445
181888127
610578838
801392945
732644970
564338578
762402545
541093821
819007390
272861598
777489406
259424156
109536774
911055077
833471595
482500252
473717637
333291414
653124568
844210580
371603820
515929448
800053763
132372319
415589544
201037319
986819219
299247209
853338913
24438079
667104287
426132590
920054591
376670507
582158781
678419323
92384616
359214624
107847801
473151743
76069423
281339522
939106453
828345167
705435226
618367490
730574511
867921744
687463596
711748167
730710877
29510452
650366414
184177914
697055853
707187293
61424564
69625421
464155415
538129466
747443291
873066562
642974809
414599659
928193994
580734535
727072240
378049697
473018328
414416229
110624963
952368597
869206914
773897926
536756738
533447193
589731234
535455686
471404576
318696259
611332028
422310093
659264567
408783217
963652353
932410776
975889773
627802962
594799651
123735218
891371990
180618940
964577832
78397776
118461348
616276272
267182163
775304376
117357137
710479089
215714766
972494219
830448716
802348052
506986628
708650942
40591458
783633742
401754398
958320638
623013831
449270106
881587445
76298939
910402515
890821003
435112427
820663416
63631549
828137517
99653198
514866601
234019340
501729860
393216116
583292143
697913954
450339086
544628211
86016694
50705961
746794579
820913199
854469629
164471730
576526526
623854658
985629805
484052570
983010749
92384616
14498313
630474141
737239561
518498765
378979715
930097571
235985299
268707044
132345580
176346330
76347739
596870177
824368435
481137532
846872014
120983975
107847801
911040292
836207461
450809110
201037319
758938063
161470183
780437020
837110608
312604638
777177505
409884494
793451328
659264567
788593548
584107041
612374612
336273944
86105860
855631824
391819003
100982091
771256596
102950342
85631793
653040627
439229101
497376585
614714240
250485050
584181156
178813573
769069230
737955685
882010046
533447193
125226034
71879014
60137008
860135077
548909565
493605575
608943904
746694441
390011005
896249180
236935821
539945451
717458678
786832717
853693767
93854534
874525546
241036709
350372969
870792652
446498778
717458678
271477004
33323443
164572186
335008021
138319388
19252071
460119778
386379049
239071617
437317040
158798604
841258873
225116670
330402707
867921744
851004762
648530283
503625125
125153630
564338578
269331519
985737829
792958898
403667251
401876135
277856291
782363029
489178657
88274180
962115149
802166343
249789650
822584812
350372969
57046868
401492163
440444618
566683520
136010101
603441850
46346187
52038663
126542324
102575134
56491931
96816055
345255560
565052121
565058990
29036179
528229805
169309013
621835339
696267936
975067090
420041775
122338793
990355186
179461873
417642318
857314008
67186382
572046601
204648698
607233891
263130783
449347757
144355986
724419818
414416229
2629197
215748511
690597023
586578159
580015395
168488318
868296218
284185668
451292781
352971370
951961919
105852549
962550320
60540843
267846458
153646119
677149479
983010749
959243200
502340148
421980151
21888427
559439609
20970475
740048605
783101843
384983977
420041775
386961819
703194586
217028989
140048228
971870843
594799651
309721730
148311710
129446644
819970798
271602435
122011306
769778655
589673075
435025782
910695394
140842104
525921886
122841910
397617401
494706867
977561018
739467843
88554812
738066155
257600160
762326765
724066590
141546061
641322332
377328407
75190050
183494515
637375383
518726821
80853142
782293739
252805211
762326765
183313821
110006111
502340148
679738922
350372969
101303700
480199930
93656731
345586087
187580920
15199434
616409179
875803094
608206621
776468400
5920357
828618233
777489406
352603137
176399464
438699898
122048231
335008021
16662222
76347739
490746419
777170074
761018343
415355978
909129433
427418820
795787124
642511889
494560632
796183674
78074676
22221522
773123364
991128625
572825846
892552665
400446385
14861799
864949933
590011675
177501350
241036709
72834383
333074686
477734536
792506369
689062246
532831559
108969627
303316193
512536559
542650121
231073980
449347757
467467188
18024600
645244581
128128600
301096315
454514793
905440948
771157383
900308798
378049697
942019317
954496026
612467690
28335915
746794579
743112025
167709507
807077609
352742201
737955685
725547208
662644505
518726821
76869123
7968744
65762560
411813920
421805303
289733414
648869683
669977370
357905510
812336747
426481751
399279476
488461677
570588522
259749016
667984479
303576770
485547657
21808491
874675501
357085356
314164027
473151743
768731996
100294159
88881594
186054649
318696259
441057560
78144189
369341158
123096487
844358186
630474141
766215060
114416288
487879530
982286977
412733037
520800975
801731918
182062957
726115474
146325959
558028797
105338821
718327323
320065993
395414575
863390387
299050014
733045483
581475242
723488735
381468052
418201537
285631880
122048231
374012454
365903219
877037356
99653198
545427899
26135665
661388238
985296650
104216745
803018485
383485041
523330899
183587703
466253246
658893339
449347757
765962120
322581632
110287241
751002899
47093074
869206914
479710717
51155806
858260569
390331521
752459631
892289009
107263005
212729458
112038571
510871246
707806073
704153515
3259339
717458678
123420428
635315173
784739203
397479683
441976109
985629805
804200565
110287241
898574843
201324238
557093267
88200654
958593448
499820221
281614044
973304302
753294924
458381962
591660398
554793850
444502809
875920992
698751768
59413784
358745604
512212207
81200798
182062957
147483246
606610243
26239208
776929249
45988706
66788125
209494850
197866283
466946508
14840354
527867973
564338578
481149185
344707037
6542682
479021812
297508797
716426214
103422527
994858933
853848917
106524116
149080762
387571077
377328407
747443291
118058539
451534600
555560592
327360163
350527023
673562901
847281587
136968635
323611069
106681433
315810448
644108883
562592163
238146196
92394308
501880959
333643847
314112935
703512306
131270469
713646110
384116096
559791718
304441826
537548175
890642904
475343095
435025782
211910378
60540843
876405732
698751768
136595110
533650560
272312369
154392883
366982597
592364931
535372592
377576525
439229101
337118934
365940179
982292958
902057663
671042981
13260541
741919818
522420133
197138578
52118925
796130455
977468436
76150870
489869473
123975616
536570027
869547162
531558970
608767176
186054649
388873132
359716355
169543800
826858953
945218995
115209305
68700886
470704414
248774662
780705262
621116393
525921886
61242671
743326633
123196726
711457629
670018367
493083911
698748864
188893774
540741503
853693767
932410776
743422445
198051470
977078153
770651621
959936514
140842104
249479553
408237898
389943367
438086873
122624886
252904593
70791228
69979073
512453242
428033786
306331446
188590909
784848538
271119501
314170216
986819219
140873671
535455686
228280020
671483603
183343034
62418983
793468077
163668025
311091570
980025231
501012280
459177288
330346638
712489799
861770042
201015657
299247209
128948381
727842647
483905632
881257117
131925610
507282246
912191528
837976717
248855809
970726916
178813573
821815669
101436317
688628336
200350771
49521998
662644505
667104287
210712698
770453329
144414697
19252071
262881310
845107164
327846466
851952119
344734955
44006439
405636752
531671153
853734842
722957316
903742403
757183459
408999679
173998216
95602205
635376026
630474141
80262897
148649676
104645791
592440929
106460790
707806073
46396107
82417967
24088573
29036179
192551749
478446034
934731865
469388855
757488500
183589099
882973964
792506369
593389117
595600218
842948429
821857128
344672072
18640129
680237302
106595855
527052654
953474398
798606284
475191198
150077068
155937475
371603820
353841672
242033893
443855213
446243898
892889013
776912375
901136748
167709507
191454809
228417716
100044833
491431837
512053343
733045483
850821637
333291414
752459631
878323612
21888427
263453932
572735626
912128076
259677758
881904249
379291886
283070431
679738922
535899562
279184268
927887456
238839563
542832801
761018343
679814620
841258873
502340148
81661432
17853346
228021285
749346764
847727886
80338334
220081057
78074676
275159635
296256393
633807204
747443291
543033495
313384182
910062120
20641847
831636839
735957824
969474054
214750934
979444276
25125583
562963284
191454809
904195129
824546968
794090890
989182032
230986575
449702566
