458274443
513353483
230074142
176399464
444922645
281339522
897999137
872088178
869087940
37868389
712128331
652810461
381468052
696609799
751939593
444922645
454514793
522889613
654069055
998749101
651061783
526390254
409025612
513353483
766919822
723827319
747443291
662375819
847727886
541621688
621123368
320016251
101846791
688628336
114672039
17853346
617337044
11587234
923861972
586981866
51309207
510034128
20655052
746494212
732290391
948427993
478226163
950501503
723528265
747119001
547101619
773142864
966495778
593653289
640256056
991128625
537186898
796183674
16416491
466259110
512053343
755153791
52410152
17853346
623854658
205110157
21268140
548451456
796353409
408954609
56491931
343293992
565891406
686603422
724343559
618684368
494809156
103114365
415040474
641322332
736318150
343832998
510871246
828822339
965622394
297511067
658893339
29939354
793451328
231073980
163967331
298700440
89922614
117160542
717999434
335008021
388283557
792506369
961726771
804071813
235243135
117495073
406494607
301505299
393481231
442330615
99323848
350560076
678988405
781955045
773142864
69620367
297539057
786832717
842540772
63465245
509119078
285444008
585206808
988176461
297179976
213795707
774180155
435878227
3259339
962115149
590011675
151644255
606379951
725125489
458274443
47920119
699800134
980738758
46598211
114672039
771256596
777177505
650895141
151410710
169309013
724008655
520591358
526913320
89214525
101846791
945572953
163579965
606724722
214335618
957942370
43891783
640608003
35878549
452895295
26375851
830448716
601954354
998749101
568019616
409884494
912209325
59326948
79139461
772817586
823384759
820722497
946134400
955170330
377016320
953066707
195118825
211377625
559172039
781955045
254075817
865825107
509112312
255194317
967842940
36610678
467352885
63309796
452326095
928193994
55225396
688988391
451780101
56601173
919749637
668765757
326338930
700790813
101717442
96601238
657900497
98820080
285631880
734886734
395339985
884249263
462015637
674659296
605162023
178301034
687687956
112834436
768745272
622233228
823789141
371603820
10176483
114529528
405683676
736135950
477414824
369841058
821622986
551622388
91276712
666549924
415589544
866310430
95177475
940635129
124954722
911040292
727030192
176346330
15830739
794090890
264922065
248420293
998749101
942886782
690597023
529417111
123735218
386379049
141733111
444355167
422883123
844210580
83924216
489908497
823785235
893302931
241325701
501654126
641322332
780705262
130054554
159128217
111364586
105408666
658988410
404158542
35310572
265696452
125226034
9257333
107847801
181888127
856349630
638320798
32037540
56491931
163967331
815764425
401403101
377328407
445792833
281871991
467352885
974412905
985629805
230074142
126055273
345580346
94484870
289760273
612941349
544558339
201795479
994682439
271602435
642511889
166812358
14274957
943707579
992763761
335317503
375715759
210088315
380175751
70137071
333291414
88934264
929064353
560200362
535455686
859593186
858807465
25786543
106020075
537512769
742646643
188024836
312216681
122048231
716426214
656727989
546655131
878323612
732720470
554409945
762326765
71024663
288590160
637109375
879668555
562295980
397716583
18024600
228823997
551185106
850821637
11438040
638924834
461782816
656643246
153667519
703696479
939106453
286222075
6542682
3259339
954960898
630336125
966549506
30300371
786999470
365945941
154392883
709043253
545427899
84943822
9262289
253853888
787182236
640306716
277370234
373971400
840267393
449363086
347875762
29036179
5121975
807641535
485663294
564802780
443158677
86011402
771447929
776929249
736318150
484790451
533447193
29562442
512536559
671630522
593125239
512280626
706403263
594799651
167502842
800128320
59326948
640166447
120997248
588464436
705912196
328505755
188663263
62356755
434756216
914359017
796183674
79139461
451494290
276137779
447707829
893543477
870792652
653040627
529401619
911040292
421684533
781955045
884200645
210977537
743068219
802005778
725547208
997622294
694837837
121915809
392359727
981603337
373007693
51155806
623474
145183898
628955315
228659302
839946662
933482802
29939354
191454809
705973245
902057663
24611735
82417967
828137517
89323950
473018328
860135077
431734492
503906095
534251082
242729541
674659296
369841058
95380215
675878276
125226034
703194586
922910698
12838869
86477014
688988391
18131654
585730357
443158677
887893594
781823532
437498344
778493168
209421616
814421665
100772159
417753095
496506370
762326765
442095177
402510618
211056429
558737580
209496520
85266031
801731918
845638163
96290839
56693528
985629805
65482555
498750048
17535893
484052570
119080934
861746716
719745638
144740801
401548379
45379090
731566789
193534254
529157139
221211880
971870843
473604707
9545630
337118934
414872271
63631549
333291414
419963443
732290391
484052570
11724065
439843589
35765742
943685065
545427899
635249533
118576576
451534600
963027917
145183898
956411249
17572896
457532087
18024600
992193632
254117062
743619959
358873483
47029773
624973910
705868976
128194944
68700886
512494022
958320638
249858458
172748326
259230965
918058792
835315510
212230723
927088263
561753120
418556109
412063575
230074142
684265725
781836716
123435754
909092066
828137517
700790813
642974809
435785656
442330615
533770488
999214108
770409587
108152695
654804434
60540843
307552041
115706715
804770151
460355601
961386775
499121749
939556452
712323620
640306716
101376054
627320158
86105860
467467188
858260569
97648001
746637157
43891783
140611707
398836609
579818068
107847801
841258873
619104974
901987478
374951227
99653198
125606510
382563264
874836097
716587079
946715035
201037319
207045477
845533673
598777506
129550258
151589305
757160710
591521938
148659174
969444246
90123929
840506041
227839241
114672039
82752865
119080934
659264567
626356776
59361476
235985299
78074676
330346638
480969746
980174200
761018343
284333278
686642539
235243135
316391589
152312803
919749637
191454809
202042372
46539066
981833588
800705075
259677758
47029773
122586542
191816946
121647286
673050268
163804951
337118934
770080202
533447193
630474141
911886404
106244715
1363184
778950166
746694441
41972357
800101744
562835641
688988391
487745312
538129466
408999679
233038308
591507979
897407249
5920357
144410001
881575856
705973245
857314008
914420200
83252041
449270106
26982265
442603434
991128625
587870102
108095741
59397839
511328000
715162972
334672084
625118431
764676460
775623789
342467793
805659661
3794511
24595938
375358834
740432361
963652353
922910698
442330615
782556222
399768767
941146398
841970490
903742403
68700886
578138365
91339158
612467690
941223226
865131784
978776461
958854432
424554338
522999754
706403263
793843635
338723749
683408503
713246484
179996197
467157915
473018328
877728665
81383211
820913199
653124568
969791555
174623533
839946662
509119078
512494022
370467911
23641201
676815232
893281828
82723321
659882272
981625134
393000755
146144730
574847702
24088573
112038571
182493303
46950224
238146196
408783217
858260569
3337920
613281668
262701873
243988026
462782549
423069657
920054591
227781919
154046007
94484870
480827378
63486371
86477014
281339522
720179627
625003825
778493168
972949569
447481913
227430158
59244922
975839136
977468436
251216660
689025524
801988824
261650987
944188590
18612173
573539260
441057560
695393521
632858040
675164700
848042164
22819801
8646755
972029591
637120437
655254025
589405682
476844735
860249602
474710679
816334033
6668546
472186984
824454493
288178865
805727151
292201607
730574511
15199434
492738350
251835023
752459631
379590635
271854708
23204374
143025179
134236434
274731729
830154578
556001226
522420133
835794838
562512739
653040627
743068219
195118825
533770488
536437938
958870809
865909273
281614044
565977240
439615397
589405682
343397637
282545411
822281239
576539662
118192604
253853888
70138259
890749186
562512739
206830116
432417002
4856348
58264336
52410152
786850038
303576770
778330295
865825107
127818972
446498778
478446034
685870301
139386124
338579883
404080243
136407377
430340728
324099150
616854680
58783480
431167774
691089460
964577832
617609842
589867095
271365497
813012232
432907479
366982597
623854658
889486191
342546602
290405851
7016093
146325959
338871192
134236434
617328671
400328831
711457629
61932858
211405019
57449444
996254710
133193029
69162724
51047995
616679900
173576865
706403263
951632661
511385335
736306124
204500242
17512475
431059228
557093267
97027639
559672241
226727966
270989403
736280347
105536875
963050649
821622986
505612081
893022804
301855051
550277486
86105860
435025782
536437938
351765289
555951539
894865811
410574293
412640614
578138365
147165042
527197563
797625303
964577832
214335618
204500242
469942989
461657092
821815669
906243092
880430314
746806885
744519053
712723698
524954849
371603820
87838086
780437020
926637770
85013720
828444560
682047526
72015586
544151340
740391185
655254025
649873816
363500800
52038663
579480588
19858129
127944413
124773842
649243259
120997248
25141346
126132154
108999701
767147874
973304302
841638096
281339522
630474141
305463375
880430314
979444276
63581122
214335618
335634387
971618016
638320798
340837600
796183674
97176877
321728509
265727736
86105860
604986647
991798513
12254006
272859885
686628009
697055853
464510676
487745312
734018400
196484300
264503806
786880312
518726821
125199757
596561172
523128868
436100842
337118934
49559372
1345145
276137779
490494124
725547208
995935920
529401619
57001350
392878056
305653854
472817993
908517926
973304302
142418568
622393374
179461873
518726821
780117295
48519531
96290839
246238855
457495849
178448712
646971654
47008427
17572896
433380098
907452741
176399464
875861245
817147557
188663263
419714369
813262527
789679180
781823532
182062957
602511920
484052570
756570890
662644505
875920992
905619306
726174886
472833233
572125326
11724065
606670571
578972994
454514793
543296580
95602205
22164239
52410152
465919947
400627429
314170216
102527595
204500242
974751583
55837431
429039335
376670507
654595058
64384000
79139461
273978408
263661706
307160747
642635359
903742403
55639689
675878276
901136748
153531549
771460831
580279536
74458426
224819628
523989998
844358186
651692811
769730536
959170480
307786974
169151154
577909581
313793426
675720615
586578159
181090342
167709507
489861125
497376585
707806073
631401158
42386527
725125489
827676069
866310430
376501670
280838052
126644458
836871349
608514030
752103792
885627952
383795938
375094200
205350121
76516036
900112057
615576732
20725886
96580979
65930978
621328991
215714766
485663294
990348050
383437776
84810300
94925989
755166400
692921213
545427899
885830528
910029447
348990833
26264069
821216825
340942283
214335618
679814620
587067979
925373678
398268115
308599491
449347757
668443894
21677035
611243428
773490277
238146196
623854658
67436924
544283764
59047458
383795938
115209305
187580920
79949515
136595110
922268356
821216825
163967331
801844354
161790571
148097327
113420433
794380470
374951227
756607551
286719707
406850094
65561029
866246343
330402707
91407560
344443235
834393044
33323443
376620253
106253215
137432259
249789650
963652353
369954215
782576610
155113791
642010288
473455306
293505033
35310572
380307733
621175772
248300552
999214108
801988824
879088423
91740325
949696069
118461348
90517799
176346330
58817185
868296218
333706879
209494850
17572896
684309018
6006932
923861972
670330393
272764592
949696069
554409945
782292027
888865934
985397115
889167846
271602435
486411451
677483664
91339158
889265233
562682387
392272245
147140238
351882361
143056400
82091295
11108690
536437938
401684605
780705262
85344348
997848997
51155806
593082585
568246427
20970475
76347739
122555225
399419327
675164700
772853752
990355186
992455952
898987098
69945371
67436924
550277486
777272492
496506370
596870177
655254025
489285400
375799512
851952119
63800154
783966192
137502666
86380497
520800975
879668555
182062957
16427904
906430024
599673412
268707044
817408048
141245547
292362783
873171552
878323612
99572570
334588101
911988859
63140830
461480641
732290391
860548618
318696259
55044282
183589099
40559777
415589544
563435274
509300125
125606510
30611706
909211732
533770488
786832717
248774662
688988391
112489083
793451328
710560986
45264441
774049841
782962296
184932848
584278536
640306716
407206029
529401619
505189712
537025793
322000532
246896206
710040224
139814942
735057289
21888427
187580920
951522677
686931427
289072432
562592163
201178000
631305377
323611069
590011675
640658285
659264567
895082242
610578838
43841598
746694441
749138923
920334239
399259883
95055107
429333495
550277486
364917146
338579883
554409945
309297142
602955018
654069055
65722069
107587937
11438040
56491931
439292126
490608316
28331437
589405682
281614044
740432361
660885210
114672039
703832983
180737333
792479086
535455686
114208514
962795593
286918191
918800447
492802497
366815354
82328828
441057560
193534254
35969395
583409493
365585339
52232755
35817963
172596463
885627952
939357173
906243092
333291414
281871991
879486697
41941995
963458621
408322644
125219352
193534254
378049697
228659302
853848917
327566933
43891783
594799651
670018367
849471103
720694125
238839563
922910698
83731960
778330295
101303700
239778353
741200278
430340728
913080815
770927507
66806415
625118431
929064353
121842615
149963958
106681433
964527518
80999241
796130455
613281668
666746175
529157139
895082242
885627952
97660606
497376585
893368655
180275108
881575856
244138084
493981235
404589501
944679731
453302139
953066707
826845051
512494022
483389705
31350909
821563319
669895656
120997248
238839563
392985926
449347757
195118825
977468436
493899456
442603434
946134400
382563264
408464447
945949990
870413858
865909273
522420133
174307364
415585218
545427899
684224861
239761498
179151417
17512475
124247571
439932208
162651078
101860108
32238214
40043882
11767961
796183674
986819219
473604707
780437020
578384724
350397626
878687926
161663812
685875810
291224106
42467914
6006932
387823882
180737333
122496449
776587210
56491931
80189266
513425719
127623839
821676321
496052510
240090462
512053343
626356776
29497915
29237989
53253725
332974775
927917212
128262292
686931427
227430158
333158449
695863519
86377827
877310603
231073980
710077519
384731054
75190050
927707621
145684145
222311630
373732549
373334840
653000461
56328189
590426256
748090032
877037356
206662369
223629302
289493531
730268521
381797391
610676989
533447193
743068219
68700886
891308195
773142864
182062957
829041332
466253246
302804038
841140425
442330615
850411078
911040292
61242671
348594037
328834471
117526829
383724779
208334346
143225438
56693528
226125270
929170252
123583764
451333076
21888427
794380470
99653198
850821637
174945074
964009373
238839563
106851294
320016251
718560271
506257289
291444726
915011478
682118600
931122540
515929448
188663263
57161646
144645478
145183898
801392945
105052947
100513452
715197860
612467690
629273557
354417882
37519384
173796334
145747364
456964264
44202673
349771866
139219703
281523318
269737808
585369978
495929278
393216116
398427223
307160747
179112569
792506369
929064353
387050427
374951227
210091454
566037309
442095177
441994938
977810605
902057663
369841058
434805916
618473886
125606510
694374716
141629062
343687399
110287241
41972357
594202481
699395376
711748167
602658089
252904593
289788069
893281828
158247712
933757919
610062324
334429919
945949990
59838357
719337212
86799044
77163936
537051051
681311512
683151080
172298738
686642539
518726821
183313821
345188583
323707126
422622441
728788500
24088573
787705580
691564117
863752858
445792833
22797818
866310430
460119778
479746560
793059612
17572896
738300303
587257880
810738656
460544464
127533408
299247209
222287857
801731918
24595938
390825393
311395142
21888427
406179492
378082542
857314008
312156996
773490277
703832983
402020470
55225396
776674479
999399598
118461348
754785524
804200565
941883536
468308585
24642203
801037489
420523651
497376585
703194586
353588309
114672039
227430158
288549299
998749101
248146665
236155511
632367636
377576525
66267786
38985741
36790833
74066159
591507979
580869276
281871991
21444859
433207072
878579577
280295037
80771471
794146604
47029773
176399464
878461798
780705262
608317598
962097708
250664857
60137008
370085625
935349871
899249152
316391589
379637668
984017591
77341137
498678039
652604956
594309505
960700088
558028797
684224861
384054554
326251455
413254017
588464436
459331454
554409945
705468690
645553697
47718099
54746343
134236434
847380397
810631499
134903850
503906095
76347739
96816055
978689879
416021319
422887911
143472146
335356149
35117388
127881704
653000461
117845728
373494178
43841598
637120437
841641469
227781919
811791553
816334033
56491931
74542942
657734046
120997248
734886734
965834330
393000755
42725825
212230723
865037147
645771229
609987424
979444276
64083499
473151743
291224106
787053369
103114365
963652353
55627569
382563264
935913781
99788765
482500252
624773794
35359236
778764727
15199434
307160747
401257322
42386527
137871877
214883929
895844913
618374220
79042546
771534262
689628182
822373765
573001710
990810996
882973964
165205766
540464480
661766507
704401751
692921213
674480840
879088423
114208514
516350222
89748373
962449896
327045817
640412979
61819760
649243259
564338578
717458678
737813551
164018985
220585674
657900497
15972569
347569831
473151743
291224106
114208514
584449896
333074686
830448716
820913199
333291414
634083499
681211630
89329856
252904593
184122606
112433216
553467943
569115595
163668025
875920992
178853785
344049677
415031074
271602435
584919250
729507661
562963284
640719210
641540390
329909261
907978021
881575856
69979073
123435754
59047458
312604638
88881594
653453252
237950223
683151080
373007693
338735051
7016093
877478260
107847801
178813573
52169114
316391589
690178521
527561685
450220568
56086543
884194132
705405737
800101744
8375093
99788765
809171680
80338334
144645478
360601863
179433579
277456442
59326948
777489406
376670507
51155806
879088423
716453825
297508797
195541737
112433216
232160786
577964091
760388915
191965935
732290391
593082585
584199138
282828436
983010749
758532212
473018328
957165247
543064156
925763250
910090724
349865839
92797489
645567085
50233037
788128777
828618233
176399464
178759086
379548227
106200998
87150184
552174821
472833233
428228350
56954840
211024750
760449454
217982119
942544075
323611069
144158252
273786986
82328828
287647721
839648088
3259339
272861598
140611707
281614044
958371052
332103498
865825107
126715209
399272155
299010068
645771229
66681577
218895737
974462064
580170843
778534400
638888966
755459959
719080359
821342211
857314008
242810198
193618983
133960191
375299357
679630653
737855176
168788141
220376684
377965718
959630958
307538082
969137770
199423420
101376054
853180933
179632004
384227934
293216009
793843635
60021839
321129099
591507979
529157139
248907669
516261521
434756216
68182632
678760667
167709507
100250483
122048231
333558995
473260550
645771229
555951539
235985299
535455686
458274443
127340340
355612551
720548071
908766981
116815765
495097941
279829849
332700118
7016093
731369632
173576865
24595938
928193994
400328831
95152747
442330615
52038663
666788063
504730902
66744060
877728665
34630457
187580920
875803094
626160480
775954401
112746471
74336408
801072014
406256100
890642904
27082818
239795221
588464436
169765475
112500954
951949218
631432960
497214654
331456379
736318150
227111552
133193029
987286955
522420133
180737333
610578838
21698824
273786986
884006613
148311710
450220568
287169228
17025425
263134414
945949990
167709507
981876704
11438040
241829587
305463375
781057211
34995214
598166761
901136748
456738607
823183321
215114067
924922426
98063717
303072034
133193029
471989519
100294159
638320798
830570571
617057265
860342364
241542450
69620367
586153219
605162023
890642904
378052563
802599637
293698481
169065272
968873679
713090025
103446024
909211732
475343095
404589501
558192015
826845051
890642904
145684145
859593186
131388086
712759825
163967331
953516289
602658089
505970036
820913199
19252071
348594037
918088924
438086873
54667139
847727886
674659296
800705075
861770042
881117554
69979073
97371401
200949839
267484924
237067010
155113791
291224106
473604707
392241219
148420620
22164239
286222075
709043253
909081582
524954849
862282202
59397839
170290547
910695394
382563264
472817993
824368435
437498344
501880959
589935806
216043498
725125489
481959074
679630653
66049312
734886734
881575856
280838052
776929249
373547058
869206914
767147874
309297142
33513968
572125326
280838052
404080243
810722614
145778742
869206914
225857078
725547208
69979073
23202056
131925610
87030334
865825107
435025782
489178657
140716860
92394308
436469068
510326730
4296146
341056139
132418968
288708751
412069019
775304376
64902742
252275151
6475931
81425983
836830854
645519737
238146196
155428989
612101604
689025524
659151964
123784803
435025782
906242183
971870843
238839563
730574511
562963284
951400923
101160789
155428989
412375583
672167099
730574511
826716602
98465786
142434653
108562144
859593186
906753304
777543322
46598211
773070991
9712136
777543322
21083671
333291414
860135077
500790208
990348050
966384846
289493531
129522240
949440061
33513968
454514793
398836609
66788125
711073785
249479553
388536227
411813920
806368066
708195337
122981956
963652353
9583308
75396402
692566010
737201048
36610678
972988981
129550258
254117062
612872373
315801858
130017489
559745594
386453569
928863071
739564612
108969627
910695394
287648294
241036709
45023342
28303326
215714766
916524905
58805966
651767848
114208514
827348962
935349871
453841245
513276581
337118934
299050014
687463596
662070607
706403263
489178657
275896022
249789650
625003825
489178657
592364931
495089992
193497230
446498778
27981497
416021319
459079783
440712637
31080909
415756464
336434839
56693528
890821003
510623799
469388855
314933010
11910780
978776461
537453634
405307667
218002320
756607551
421337184
614643485
202721764
344057328
968927306
123037263
983320171
385993814
116849946
31051111
41904826
583787226
992575948
879088423
773144953
725547208
39666761
415932309
847564048
17025425
761423102
696719821
979444276
86477014
228473153
718311421
46346187
299050014
343718208
596561172
226727966
382563264
48597116
4856348
289317310
826091153
208574028
140611707
415589544
686931427
72690467
954496026
496131577
822458117
868592666
664262332
17405047
573179458
378743357
866024879
40443247
922910698
881575856
294897596
716044638
152908646
133960191
714467161
102328390
539605296
389458701
698751768
411813920
376670507
35370433
828618233
644856794
30014897
715430595
38868766
709167494
349771866
961386775
91794751
195786376
984884714
383485041
105066765
441085259
583651897
536437938
233459783
421117171
65930978
321353468
944618732
33877419
47029773
961386775
993983575
626582617
703832983
564086031
64384000
958593448
954610099
34630457
777543322
959170480
36599583
496589162
454514793
72834383
128547438
405044901
424290327
249789650
91339158
541884680
945693724
56491931
547600074
234514192
137884744
378462345
749346764
398836609
265671277
983010749
131924557
891308195
821622986
11724065
658893339
770859225
460119778
247298493
67436924
966384846
475343095
953516289
677443300
916579450
35359236
366982597
800101744
874666212
114117409
33513968
853693767
181351809
138319388
911715208
945967031
35359236
795428598
849514896
656523508
585517778
460119778
706403263
685454647
622137608
348613418
397658585
11724065
174623533
885415141
512053343
631174688
143472146
485074897
767147874
334852964
458592596
57161646
400328831
293516304
377757958
328212973
6006932
400910122
665461997
534365200
494706867
788697156
655254025
472833233
897272317
494426398
780113849
657734046
401492163
780454670
88200654
985508889
494756160
653124568
984017591
136823796
162189582
55198149
24595938
473017625
308090629
909232300
145183898
52038663
312802800
698114450
622137608
294897596
98354584
249479553
645960945
444486885
415585218
734886734
344881607
88570276
898929363
66098879
45948892
803464745
164511870
124275291
701625967
125199757
538129466
783398628
776468400
698416842
141741573
307860864
483150741
761018343
139226197
312416959
507409941
59682044
7016093
496506370
586578159
608943904
299961100
212230723
723674092
976758043
507861953
516350222
14698528
411759051
494706867
863376818
221189257
108988636
781955045
988058546
640036600
211405019
4793961
90118124
964286167
829041332
533601305
134067905
399975350
489908497
56459179
122126373
871689366
954467819
360786606
78739694
377328407
472817993
703970079
286719707
749897684
810097331
433207072
777543322
952977494
953516289
272478179
587337623
983010749
125226034
729620403
68182632
761632107
316391589
911934105
769594233
538533239
83260823
30138396
714202909
830257041
971870843
202639986
274438842
599415995
536322852
385014947
33661026
826845051
215568812
550277486
86105860
791625505
58914940
980174200
401492163
901136748
610521008
339432536
69979073
881575856
462015637
8375093
591427561
74731620
6370009
116774888
193104027
137219344
510623799
559791718
913032249
785479844
30157066
90053120
227430158
583730294
689025524
400697712
584553526
753493634
751002899
698746549
36525975
670865178
179151417
62946427
284149068
482500252
848523016
738300303
878461798
621408552
63320200
350507527
93656731
216857106
509119078
111466768
194307619
18038509
443516747
925763250
790146935
431570295
438086873
57131006
449739928
34140955
801988824
716243554
666735771
445811351
759039891
646080111
312604638
909129433
795020479
988002765
946151133
329189230
376324008
259677758
536437938
318741293
509112312
21888427
451985726
177567515
488061325
902592544
890821003
520800975
710542733
191454809
59413784
494706867
489861125
272478179
778330295
476844735
451534600
458274443
306186616
503906095
542210847
414399670
932410776
167709507
279184268
88751438
558986062
696793176
573801693
235985299
60540843
3794511
273674037
743068219
377926106
50874218
399272155
885627952
33877419
683739396
67184770
573744724
183313821
310754584
575606353
17535893
336704130
692342115
188663263
52428874
227111552
88570276
966384846
683739396
430340728
567631825
58929212
51155806
62663015
712323620
458847463
86105860
42386527
400328831
172345024
285631880
948449923
820759203
726174886
174623533
824368435
531112760
106460790
426177273
11782230
944618732
366900276
786116724
19095683
641322332
651829118
482500252
622327084
638320798
980174200
52038663
913723773
771350216
913365518
211111608
606670571
640306716
273052055
145183898
501012280
142504161
743422445
476844735
94842054
575375598
19252071
92394308
598166761
185880374
286879988
746694441
573084643
417021711
307552041
564086031
752248655
44542465
363436221
381230673
315127383
751939593
688593900
839686776
501880959
941864733
651137289
314170216
656036813
446941809
352001062
116849946
861770042
622726408
272478179
839268557
7016093
587337623
894629743
100294159
414416229
252805211
34630457
648762251
338579883
525921886
648787607
386827670
34630457
252728736
789597296
24595938
492515143
201037319
744550105
228280020
304441826
285631880
197923374
866230239
533447193
773142864
923328685
807278693
743068219
580538112
54691728
369841058
3772197
926138687
19541875
599415995
736031445
36508034
557633404
133193029
938722157
912236742
153019194
32614210
503906095
268084973
550169199
733045483
776218699
186054649
398986948
424370484
17512475
29497915
757160710
178660739
393216116
840492940
221389377
493759865
281339522
972918614
377576525
13971531
573084643
687767068
430589753
642504602
91252503
383485041
216454015
134236434
17512475
222297320
867921744
432266048
703015391
21677035
44992306
314933010
755066115
382846436
694738798
30014897
476378908
767136365
972672312
236366025
948743390
573522135
911040292
643000505
800705075
11724065
357838341
411617953
286879988
260532991
960700088
32584378
442095177
401973749
674659296
562963284
63261909
802309071
688628336
385660178
712323620
201324238
228749025
176399464
919854381
273978408
337576503
201324238
309721730
424107939
412375583
674749138
737955685
40053944
108969627
48931008
623408080
24088573
596088849
632354872
325527829
953516289
825521060
207093016
869898216
968873679
627915455
556301611
331653234
572125326
155113791
634983331
769235206
821454972
312603244
16265002
149963958
362367819
701219850
237853204
824368435
555951539
998421751
703194586
626356776
49813887
78739694
47029773
94484870
992193632
210212823
438235793
183589099
958593448
227430158
289493531
401551700
90551108
103114365
736367134
857115953
389156485
93190222
732290391
381797391
223071159
289788069
467467188
964143448
688628336
489178657
920054591
770945748
356266943
214562391
666746175
26841129
201001855
752016833
317159276
865825107
912906224
836808234
659151964
701416422
879189435
253352234
472833233
460119778
459882411
491431837
893543477
959621268
178154278
572882647
64573601
598374
208334346
782217139
63631549
12147433
403009415
415585218
329974064
436100842
986451296
49685623
542650121
375358834
163668025
897407249
305969865
993082731
288453679
499415950
252275151
264733972
268890004
657734046
130256970
362172508
741141803
998676276
679738922
806969287
662644505
734886734
346020695
882973964
804200565
911055077
388536227
865939375
411813920
757160710
154681551
453841245
810059
734850643
26859612
698476324
928193994
86464184
704966430
37314052
564223799
749154288
204500242
891308195
305447268
557093267
451985726
556058739
472991358
410840536
206851354
571676115
89159568
337576503
392191636
86105860
305483691
621123368
621310648
253642190
318899234
81283960
684698584
378049697
179151417
841641469
272306432
703832983
732190926
134019666
672167099
248357485
590518147
103167197
935349871
228506305
561315
775304376
833758919
7016093
278145789
135653674
272859885
777543322
19858129
469942989
510871246
30300371
993665069
491431837
159971219
103998265
890642904
550277486
89159568
691139035
115107040
605680449
988965342
59397839
710708231
247966121
51309207
95177475
277879350
706546348
963050649
255294268
59784456
32801669
370467911
112805215
881713259
964577832
131852393
297508797
27758735
767349320
794090890
161598679
703970079
861693641
380803594
243854149
604628155
388520511
801035151
254117062
186054649
20151226
687463596
475402089
631974474
49050629
849677710
989419504
572125326
279184268
335366702
470535255
562963284
874649338
317600885
738300303
131796443
51155806
415549245
208334346
429039335
211405019
646407284
129227915
698370802
782292027
209494850
11724065
251933209
181346114
87035950
16662222
1116809
874649338
59822419
171035632
458274443
908297060
189653579
47029773
14154005
253409015
766678423
502467698
155428989
184310522
149094363
48510675
125226034
13090708
295088413
160020876
657900497
318480776
434882247
767147874
391616726
776441232
172535116
227111552
670018367
715205900
814621824
472833233
800101744
610432535
578930294
501012280
886758836
777543322
617057265
392191636
23182235
298775910
369954215
213439568
512536559
252904593
603697568
52169114
43841598
404080243
74495840
777177505
436100842
20997302
739224459
795252767
95177475
505189712
649290800
778330295
67228960
833396383
505531737
398836609
89115011
230920394
153619490
651829118
689576488
338579883
435116112
926722980
369135057
551162252
949696069
520800975
991128625
720508873
211405019
958320638
565052121
58773395
593269720
536670778
36610678
958482148
254588965
773490277
481959074
503415537
830448716
612467690
689025524
903936805
589719213
723087486
86105860
313958288
878323612
973304302
525921886
942597013
642511889
123435754
53770210
340535085
729692318
191454809
299010068
660186529
640306716
973450276
838981319
165335098
45379090
113627639
118503702
255607382
111012750
403710155
672167099
12769117
478446034
874836097
495097941
294897596
490865336
442860041
266420621
59047458
520357942
709104478
8259695
291742335
593082585
136595110
129445126
310903778
888023814
919854381
386379049
240368954
580279536
98414345
543273983
440444618
766785574
92394308
488633189
37104389
378049697
987811441
724364670
82643429
512453242
69620367
357114062
640306716
557093267
961386775
283242669
698751768
626968430
330402707
804200565
761018343
76347739
256628711
760375541
992193632
334363261
67969072
865909273
813774744
215114067
67184770
995591082
184944949
679630653
859593186
535455686
100294159
473151743
106460790
367854474
67436924
381468052
335519465
479917068
621976980
275061845
100795831
180132845
475805478
479635752
272478179
253107473
563681096
103598803
110287241
335317503
95177475
96816055
602955018
411703842
654140730
512252382
107847801
402231625
108999701
160992587
320016251
88663091
166934400
201894058
610578838
15199434
502448412
112834436
106274048
25348296
926162582
271602435
302933707
804200565
472817993
118078631
612776636
247857243
667935747
245658370
195118825
557093267
891371990
612590748
92394308
147165042
532160932
54951477
440270955
143472146
460718375
437200856
254117062
123435754
203298165
369954215
502340184
11574572
734018400
989278167
927887456
965223510
81106513
605162023
619602525
822373765
273786986
477426512
144577876
826180320
816334033
233739370
503888705
881077532
472833233
716426214
469430135
41972565
483553929
853848917
920334239
210977537
398053893
923861972
749581670
115805702
14698528
383485041
149094363
701130340
124256092
46533696
169309013
2081449
998199644
177501350
763061915
181888127
906150430
12838869
905812197
855367955
849471103
369954215
173576865
125199757
788665171
683511830
89159568
125606510
408783217
458274443
686642539
411813920
747056165
970779564
443158677
919854381
814432608
431827482
657900497
504389382
106460790
397211736
713646110
944618732
68700886
793843635
123435754
432964183
820845718
736135950
379221098
330813804
904653082
901136748
547152895
928155636
232760992
845527312
296778369
137826952
686808160
101846791
667938331
415589544
282474837
987983870
985618548
829041332
38834633
51712799
686434761
751939593
691056836
400328831
961248903
605162023
503682715
561852769
904195129
106741433
622137608
176260891
552574762
148311710
52169114
140611707
707187293
524438001
965834330
675878276
822373765
342014182
686350752
571287929
227111552
502340148
59326948
140611707
202480939
155113791
706403263
271632701
90733404
85535729
179151417
350397626
429103347
878323612
940892894
893281828
349865603
507986542
494706867
225756198
641322332
782228305
364561444
969615648
107847801
881713259
843937550
623827434
778493168
561975469
115209305
297508797
862635616
221513738
977231476
369954215
150733032
129218662
594799651
7193053
256262852
132590372
71282058
966595414
724364670
141692886
21988966
101860108
149963958
326251455
309968949
473151743
592515279
56789708
125219352
650366414
654583986
434756216
962097708
337980404
405897754
460119778
335634387
358998446
378311084
847436573
971822175
812686176
784533083
674749138
154392883
350397626
641891036
793451328
880795136
953516289
228659302
874675501
705868976
919749637
276507960
99788765
541965039
134631752
773490277
599415995
80353446
171035632
629231314
122048231
596756553
161790571
249076541
182568681
837002345
469430135
371388704
701130340
506874963
377576525
773259501
17572896
770409587
660027678
289788069
963652353
782926224
131967772
495097941
995712202
999141029
217943816
144645478
265669973
210427000
274438842
50192190
554409945
297508797
316391589
922661064
11438040
598777506
731784834
911646267
23204374
618367490
227111552
125858620
535899562
314933010
826845051
872528760
63987030
415585218
505066641
408056084
6542682
195118825
383485041
59673653
970726916
887789423
41897563
33323443
146108944
771887432
262367837
795286519
29039360
559791718
440444618
606670571
991128625
947730382
473018328
869575513
409910072
17535893
274438842
188663263
362793091
640306716
182493303
439876883
121986539
807781778
736318150
93093325
83156472
113381930
860442243
343498971
464155415
229376750
536297702
869536408
35630632
918045130
922910698
554409945
174860911
567888456
335992138
775731436
165205766
17535893
923259613
68182632
851877566
293414948
236836721
469942989
211405019
51860059
842572924
299950087
374903055
527015839
760913035
893539038
770108122
17853346
117581242
32037540
907978021
637282222
154392883
963027917
773123364
489908497
341547596
468183232
65930978
379767449
667888418
174623533
616937038
633706265
798484744
881117554
317445231
996283527
816334033
24595938
270115148
797625303
314933010
235243135
984802231
180737333
100294159
746694441
72834383
393831478
723528265
43023806
389596745
844968774
726174886
30549339
440712637
759865702
689582624
212490312
125606510
17067905
404010899
59833586
82266159
890642904
964577832
465919947
228803156
163579965
786116724
545348152
210977537
526495351
193895814
843805617
9050808
643000505
786832717
77191533
285631880
593082585
482500252
917644539
885627952
569665450
442603434
203370101
724343916
307552041
726206573
775304376
411404746
836053621
444089532
227111552
6878286
962097708
906243092
126513933
806368066
113677502
289637101
955186943
972934065
286222075
836207461
958320638
33513968
52169114
861155689
29809399
999351319
115209305
228659302
771256596
691762098
307698926
95430071
89877027
749346764
746794579
559775520
44579294
284587838
810044353
685875810
52945960
423014890
186054649
999214108
351306406
625003825
42831656
541210464
962097708
490018433
57861172
449270106
688628336
893811557
734018400
417161566
167242421
33179120
92236332
66788125
834345976
970811002
683151080
893281828
739675350
162149226
705435226
285209707
439196466
674994230
813012232
112676231
44337617
56693528
339622427
664373436
973304302
608943904
182062957
555812037
996616244
520800975
421117171
362421641
697195295
209494850
331456379
138218480
849471103
446498778
350397626
73240366
242764886
60137008
961878284
223361623
925763250
57897641
893469871
64384000
68541408
524954849
221772135
762887666
731374439
411813920
137219344
183414630
323611069
238839563
46103308
366982597
983061833
378284241
457383470
518726821
962502256
375358834
333158449
723528265
123735218
280039794
300067572
935088368
115252713
351878283
169309013
841258873
529157139
512453242
126715209
320016251
262098155
565863179
541621688
612872373
110657862
57730786
184932848
757160710
830323247
128489126
303576770
473604707
244228337
620536396
521352859
717254927
564976649
547050066
299645027
962115149
78074676
23204374
966384846
777543322
669774381
774661659
354417882
914346379
791852331
88570276
773490277
189792969
659264567
111141066
881866544
87206195
839268557
120171748
320016251
793843635
870792652
550174095
248774662
554437021
123634729
962097708
74305546
303028878
939873095
982292958
489861125
642974809
273978408
470243684
611915834
263836071
677907213
710397643
847436573
679814620
877728665
812553655
94925989
939809004
619889362
482500252
112038571
212367382
959170480
885627952
228488380
590011675
502238851
624262881
645771229
768220813
892539113
496629664
64710071
656835559
714451640
514580574
737813551
11902507
638320798
681479907
906553689
550873589
393000755
142760319
752046450
52945960
602955018
706403263
876066281
675164700
404589501
489178657
703832983
554409945
458899259
935349871
895082242
43764218
101303700
100409966
99295418
740432361
122048231
469613611
196152048
330522578
254117062
749499467
139306326
105555592
700907481
757731389
925732687
69739106
212404639
653124568
204065775
741257583
598166761
391862576
88881594
721011287
545427899
844210580
82417967
16317557
534910147
458274443
466392475
174681517
443292086
98649833
747443291
301723236
208265872
276431965
281871991
138319388
140611707
953516289
114672039
577275889
496629664
131925610
438473076
409884494
554625447
830610863
734018400
396423365
410854209
841641469
311455549
928193994
907979917
335634387
177501350
178154278
86011402
755176869
336961116
36599583
927887456
17025425
752339088
998749101
666253732
834509134
167386578
903350402
885900622
527939674
766624097
676788083
626410261
947315270
520591358
655997535
317159276
925732687
794380470
157721776
96816055
589806848
59413784
438339119
745775832
985629805
398053893
138196285
81519425
718733274
358323718
494706867
602955018
726115474
569530020
523557517
526390254
869206914
371603820
773123364
947470544
252904593
965834330
445792833
103911558
606670571
44868716
155937938
55513469
451534600
669280559
162681245
501880959
361536504
238000736
737264449
208070412
728011934
906243092
19868512
495588986
782292027
941525187
393000755
144552496
872144684
510281200
460544464
57458507
882121965
249789650
502120409
144349416
881575856
403152508
716498531
280838052
383795938
694581935
441057560
248229300
80338334
127540299
475343095
189384957
553906278
174623533
929020286
469613611
548423473
623854658
603582931
142145619
900314830
590011675
536437938
612521596
984884714
412749642
826845051
789199405
475191198
393831478
154392883
984884714
169309013
475343095
418298779
643000505
2509878
489861125
472817993
897407249
211244586
22164239
165014295
782292027
223071159
125309358
473604707
632739118
9262289
99788765
683361663
841641469
118513402
434756216
398876532
208334346
252275151
14698528
793804938
689025524
889363718
289788069
52945960
179112569
215083144
925732687
212230723
76869123
558152372
34166419
252805211
24088573
99295418
586578159
674007615
441057560
945218995
110880608
83796505
841258873
551894639
77029015
259230965
413241593
736318150
20970475
424258859
475343095
196484300
788921637
899249152
305103583
235243135
658893339
421117171
385383926
600846215
227430158
12978820
684224861
362793091
19252071
115170582
321327808
851952119
526390254
240327056
936700508
881575856
285631880
529157139
957770
813012232
627095520
59047458
791422371
762897946
449270106
171864072
15740144
237490212
56693528
995934197
761182231
606610243
908385730
6197716
6878286
337576503
125199757
104519666
687767068
966502152
698751768
149618397
410788123
572312368
705973245
662644505
417470290
272859885
793843635
813012232
45379090
376272473
747443291
17535893
919749637
732290391
201037319
268572584
93656731
881587445
562592163
514192344
87791083
155113791
256262852
33513968
685875810
19858129
378996827
627765620
578385070
326602552
331456379
221161243
605953069
773144953
180909105
435025782
152079381
724042943
299050014
618449772
137172213
540741503
300771340
408783217
281339522
281339522
85453181
869206914
169317950
753710265
258072018
510623799
293516304
821216825
805398854
851714998
119757213
624363518
941158738
343314494
74458426
810011715
688658912
43207457
881587445
746694441
391955373
16671210
954976354
642945510
452726234
57665761
683151080
657734046
307160747
450220568
666746175
473604707
458274443
705868976
182493303
100447883
43891783
193497230
959332836
452139783
3259339
323611069
40745358
780437020
144540261
453841245
594028573
416397676
874836097
322265701
997966541
111011223
497376585
415607676
655254025
392359727
734018400
104117567
420041775
645775918
205186673
460119778
144645478
276137779
156142853
643323949
45379090
662644505
40443247
206662369
63261909
850821637
265821381
912191528
272478179
744437031
995678349
825200106
988982918
736135950
125199757
169309013
960798425
726174886
164667092
793843635
375215458
110869842
897550444
375950341
654069055
688133676
970811002
244326037
11360440
59047458
596114001
204500242
865909273
277456442
110287241
652023244
675660632
804157726
937814017
5920357
281339522
684507728
328401130
78074676
776468400
948260283
612918446
822373765
613281668
701219850
306982987
5920357
592364931
374694884
375358834
442095177
866203039
453841245
806969287
965834330
524954849
773144953
550277486
862886779
437004989
313784248
839268557
94484870
707527391
458274443
228021285
145183898
857954736
151022463
63631549
606921439
160460330
117547911
16265002
161334806
442603434
511773902
74119645
75190050
781955045
180128185
707806073
816736786
399368906
851960706
655687190
813009610
195118825
652810461
637710633
949696069
95380215
647705943
137219344
698267268
946134400
54695132
424991673
981703059
123435754
638320798
794380470
33513968
444922645
360601863
209494850
705435226
764676460
882973964
777489406
112834436
467467188
963027917
874836097
243540577
116810159
676861871
338579883
707187293
281339522
882860595
997705650
707527391
48127834
42184957
99653198
821406677
151656924
228659302
902057663
841258873
369954215
438643834
50192190
147977238
240563832
6006932
652115779
469942989
624005475
600846215
179461873
33949030
164998510
879668555
751002899
670368826
20997302
847629568
270234269
747443291
116313898
659783189
695393521
252805211
25141346
93987809
554409945
984014320
726861604
851826041
461122362
318071050
100213003
124613901
447526683
999190734
145684145
869206914
80560621
214335618
143472146
210902955
915110662
182062957
407988826
443158677
653000461
555951539
183439859
688659947
994707425
869547162
209496520
99653198
960652954
28715991
206896604
446498778
596635211
554409945
975530537
114208514
228659302
640910132
734439147
830356634
662644505
887708366
938911861
56188282
268707044
397082599
280838052
62396351
836207461
877605354
286819496
60137008
705973245
625003825
408999679
188663263
963652353
244166688
829041332
641838587
104915575
336328793
120730770
471404576
634602399
973304302
469699621
711450193
241036709
655387327
493059949
865909273
399702410
7016093
59397839
378049697
501075015
970726916
602511920
818709049
874305533
958753299
973304302
21523250
780888505
699851947
460119778
788552699
499435902
415589544
580279536
777177505
674749138
99295418
51155806
303845352
66788125
858260569
34630457
54768290
731757797
903936805
441057560
959170480
505012983
751002899
667104287
280838052
906243092
195762224
698751768
945218995
965834330
459398009
348594037
145731581
704674184
813009610
634850401
82151631
276137779
978776461
4856348
925763250
268707044
759791372
771447929
52239626
372225714
131836184
21523250
131925610
104148147
625154931
114672039
122048231
533770488
32025339
645747409
323840239
117788
456307181
571976904
35519696
100294159
244228337
225736435
30006663
351687053
383630463
483725759
93656731
5920357
756483305
613281668
858584905
5368542
875191126
19858129
586578159
43841598
125199757
871646140
759890873
64384000
24307450
146458466
906243092
246893275
781836716
858291727
310400968
593972766
35529802
434831595
318899234
771758976
494706867
891009322
289493531
598166761
273978408
563681096
674659296
858075790
324616647
311759263
821815669
709084441
736318150
17853346
990355186
366982597
444581530
427755160
19252071
578481937
313745048
710040224
184932848
279804886
269614945
853734842
208067652
509119078
683833183
889363718
481959074
231835521
33877419
17025425
7441693
40158915
751485729
813796820
820913199
839946662
450219946
442330615
358235470
114556835
536322852
317633713
697930011
207744309
889898070
965223510
963050649
725547208
20970475
780270897
472552708
960700088
938444246
882973964
640306716
809475159
786116724
875803094
280838052
430340728
49145927
158247712
460544464
431827482
266383768
17853346
473485039
164907847
436100842
40698647
120404964
80999241
529401619
898136048
420041775
214335618
903742403
661846085
705973245
640306716
333074686
607926273
96237913
487745312
957772979
777543322
511587888
369046349
54829799
400910122
821815669
966384846
720759900
454407603
356244977
227781919
291697508
125858620
391596010
965455326
841542458
517750287
469430135
249479553
899249152
482048301
618367490
970133184
416021319
853180933
820759203
11724065
160744332
328486757
404080243
944820194
813009610
39773373
203379359
258598106
56337584
56377941
13145832
64384000
960886794
8783369
10433085
813009610
510871246
318899234
412050431
189384957
223071159
769716014
126788696
542650121
145183898
334325504
773451521
494706867
230986575
223071159
529401619
137068510
182175048
41343391
108323793
697055853
206528466
782292027
30443960
33175933
558028797
335634387
377020766
867921744
890821003
907978021
897056366
707806073
430340728
18062478
988058546
602658089
511176764
363080282
230986575
998800785
57599803
937253181
858727263
101376054
129550258
684507728
66606045
49813887
149473339
177501350
128174469
132251550
909129433
350372969
113045465
895209544
258492103
181888127
395634867
832773562
68182632
828618233
926833150
962097708
33323443
973729957
826827407
449479191
272819617
226125270
987899285
129885545
558028797
839268557
87826702
94925989
80176299
189384957
370085625
211546419
90137979
740712295
798484287
6542682
610578838
2083206
992736260
193093031
244107004
900915892
939805706
511246392
125226034
653000461
889363718
966849484
52169114
801988824
643000505
92394308
839946662
562457631
186054649
953066707
771256596
451534600
524432785
195118825
588721399
169182267
976510856
376940358
893386842
578384724
66788125
20261603
531517170
572125326
805124464
975889773
364756058
2664105
483538298
36062309
849471103
962115149
332103498
911055077
364577786
727601610
36722636
444922645
370085625
833821439
564338578
564223799
641829005
937782730
824368435
881117554
362107647
418148118
57161646
301961405
58501429
789673144
112433216
110287241
749117373
905316392
382944984
372751333
756607551
828137517
717360112
992022028
433207072
999214108
741292889
642974809
884542428
351990312
377328407
7049749
615576732
246412442
91594675
777543322
