467863187
780705262
988151689
125226034
204500242
110287241
133653569
178810514
564338578
302724726
59047458
533443705
421117171
805405112
128708938
65930978
578138365
179112569
540741503
32102484
781836716
355929162
291444726
510623799
939106453
963458621
670018367
423867914
562592163
998749101
257467426
984017591
404423424
622137608
86477014
76281874
600850098
550319463
289493531
310873061
611214535
645977736
650366414
370564037
869206914
877728665
317332650
398986948
126715209
52169114
853734842
654140730
86105860
72887490
312061337
685172866
670031796
670115639
36154686
748161352
22660466
32037540
29036179
167242421
982292958
6542682
520437258
513353483
54665469
858260569
329521412
707527391
781836716
481959074
925763250
112917375
101206083
959107031
642074117
350372969
167709507
806750462
54829799
381449253
9491547
146325959
879088423
388536227
15884369
773490277
705435226
209473903
399975350
178154278
66558468
6542682
699396426
366278022
707846092
37847847
211405019
427561170
942948969
364078325
502340148
824583216
259230965
460462325
30582565
578734463
746794579
679630653
49101847
174236540
206622889
418831160
893281828
146325959
371957243
123735218
382944984
76298939
885627952
740649130
536322852
530279779
59326948
849135219
41972357
109536774
546185332
342856056
500339334
122011306
238000736
707187293
876374652
244228337
227002856
672076420
679814620
645977736
589414763
562627106
67184770
221295687
325233891
274438842
57161646
705973245
12729365
28308522
76347739
945949990
698335894
694738798
602955018
385618089
669927703
48143503
478850956
318065825
529401619
513353483
54465444
778534400
532876735
403110682
820189632
289493531
294897596
496296458
342578626
373922596
331941465
361806660
74458426
429039335
555263612
373732549
412818630
634683129
200619166
33978664
277443602
842984348
695632409
879668555
198242365
52038663
575116025
704414227
967628608
66788125
687463596
966599141
52169114
806974120
114752146
42386527
687391304
859837003
375358834
830448716
442330615
425281547
348464309
824750195
179151417
816949483
843069289
383795938
935680426
764676460
793451328
801988824
3259339
828618233
272859885
266650158
171035632
16265002
736285792
738300303
145683510
684507728
416052780
949696069
11438040
732244663
895082242
727653324
804200565
857192968
366518329
30781854
784077693
669927703
716418507
31459342
172046009
77032562
786116724
911055077
535455686
189384957
232032553
836318430
927707621
75190050
773144953
466400576
980814312
613323118
291224106
17535893
275872314
897407249
994311962
777170074
632367636
82417967
874649338
474394904
675878276
829041332
522420133
786832717
37532646
212230723
416021319
17512475
101846791
62340688
573159518
235740077
139131361
118315420
474587505
486203132
313505777
814029795
52945960
794647930
382563264
131196378
773123364
238000736
786291929
398837439
847910359
70803033
301174085
821622986
344420135
969474054
809522268
662563687
126474343
734868958
52697460
889363718
82417967
598166761
920272931
422254286
982291186
126414166
965223510
705973245
701241860
598166761
376139864
240090462
657900497
449347757
110795467
893281828
237982033
932410776
911040292
792835187
157616902
550277486
701219850
33513968
487986651
706735374
770409587
91879067
917644539
970627869
670018367
66716620
948246366
98203446
332137513
496629664
649308648
538129466
17154856
314198333
680907438
512053343
697055853
606992334
620076960
385973426
126581341
55225396
423929904
112401268
806969287
527547081
907978021
25166686
734144349
57161646
33513968
31661510
539556597
643000505
277456442
194286655
564086031
292333947
912191528
973349311
120997248
958593448
288219207
723488735
801731918
962115149
782217139
596455161
958320638
554328303
399768767
33513968
124889083
326825924
104689096
462015637
923601041
574257519
226117338
682785369
886444436
204921183
822807793
952916720
868296218
476704591
69026956
45631634
376670507
854314394
982754951
393905446
683592805
638892133
551395488
853410524
237321426
115847913
303576770
408464447
184932848
510007801
901136748
241367075
368962011
238839563
351687053
17512475
335317503
420041775
940635129
786402298
849552955
214392524
988058546
645977736
660258251
11170202
767147874
913817378
415585218
442095177
57161646
519044240
84101710
706739379
442603434
575808959
460544464
961386775
52410152
865909273
744041811
309721730
857662400
247946989
101303700
717458678
173880999
583984934
773720351
88570276
596870177
879304819
883459548
372414261
238839563
466253246
119158805
252275151
724364670
67184770
465702108
922290121
307552041
338604283
567474994
155623556
302243129
102582450
921258383
171035632
556195397
142667475
249789650
920323350
753814425
188663263
865995634
15199434
945831261
342578626
751446616
487504407
850671394
602955018
198455669
839946662
23204374
274258693
25141346
793451328
252736269
876127150
607926273
808437675
446498778
684224861
226727966
330402707
228425783
510871246
248657680
272859885
273786986
733045483
17952832
961386775
318586330
557093267
443158677
512195735
18024600
990569005
408783217
82176657
947287725
801988824
25053108
289759098
214335618
231629315
297511067
417478706
219563267
90697649
21888427
307160747
228607725
16662222
299010068
939106453
408783217
279191304
307552041
68632496
125199757
384579831
693195484
550873589
133960191
446981254
463724082
618039796
247199823
593082585
917644539
175741798
585255927
726601702
703832983
964577832
889363718
37982509
398209272
586578159
889363718
590011675
743422445
978562750
82328828
453362629
763347966
410270940
298584992
279191304
517174408
473717637
101860108
605712401
307431727
957245428
590011675
34630457
18196445
936031522
74851755
502340148
978776461
429039335
711491249
113354790
62274306
485663294
357911332
6542682
847727886
48306003
176346330
370085625
420513758
642511889
443158677
8375093
897354184
539265567
469238397
903742403
46346187
89159568
76298939
458201895
988058546
685875810
577329084
69979073
873157975
780066868
565685902
248428028
848042164
454514793
885627952
140842104
451534600
826425311
512453242
335008021
756607551
486091539
217080736
301279897
193497230
43841598
188663263
103287327
950821840
403868848
337118934
267777218
303576770
281339522
614665423
337118934
239449102
99012539
387504685
147165042
132881630
287250400
386574825
179151417
522788375
371603820
976890165
487745312
47490115
592939802
107116205
563319923
521784883
360968110
594648957
578384724
909129433
775304376
503095468
405000070
853848917
61242671
510441018
578384724
586505053
777543322
278295784
238146196
29614837
159526630
605264835
982292958
723528265
777177505
286222075
415298523
249437991
40881260
895607472
434756216
967281851
990569005
247946989
256262852
958593448
191454809
182493303
625216958
733284551
65862716
195118825
238741249
720398123
797919470
623351741
602511920
828826126
333191234
893346626
839946662
6542682
182062957
752459631
409335784
469892063
591507979
878461798
256342173
274763928
568226348
50511557
672839775
866310430
342578626
64631579
291444726
563681096
879088423
51309207
281871991
927143661
40787774
131925610
636223854
927707621
34630457
375358834
673348235
373388577
672248624
23204374
146887073
209883840
962115149
524954849
33877419
869206914
670018367
995935920
687463596
559791718
299908870
683567476
940723253
866310430
920054591
289788069
990355186
75327469
412374693
853180933
295191139
540425995
279184268
708229804
812843491
783270241
94484870
875766033
802348052
444922645
781823532
439465268
384283370
17853346
471404576
796183674
943241653
516011072
180737333
4576744
812843491
60540843
171616551
793340661
101436317
104369334
163579965
858837624
378311084
909129433
183575042
205186673
895184074
526155522
637999171
562592163
379298092
179112569
687153612
640991593
238000736
970811002
392389123
433042610
243363542
383795938
277996450
625118431
24088573
152116039
33323443
522420133
919749637
736660443
125858620
114672039
19858129
148818964
377012179
907978021
43891783
890758053
88570276
103274441
283528807
271030980
307552041
349771866
833983889
788524517
193936361
557093267
239795221
968873679
866149461
485754803
346430889
808029408
939106453
588464436
20003814
181888127
344357584
179112569
495929278
391984748
9661501
145684145
369954215
259751673
424645368
268707044
250571106
612467690
606670571
957213507
214750934
43806491
231811708
209496520
530150993
330346638
109370970
431904522
383795938
692262941
736367134
814853881
160460330
436100842
125666949
489178657
656182103
227111552
813009610
399619528
6006932
113522181
214897243
189764540
606670571
940635129
888540592
380059044
60540843
999852191
517354915
569259677
655254025
381062573
101303700
732297950
997239572
70530134
176399464
689025524
109562001
246695485
369841058
467467188
70625865
515607321
441291567
687767068
78004935
489908497
393468211
382944984
248774662
371603820
77204051
547454977
393000755
862635616
376670507
606670571
499285829
451985726
2153712
661126997
645355979
190005262
764676460
534089172
809045936
703970079
848340675
773656325
362793091
704018056
573172941
966384846
599415995
244449343
701762558
49813887
841641469
155113791
670658415
38367070
736318150
379291886
979444276
773142864
163967331
299247209
279184268
886009422
470643397
413957143
989617339
24009992
960974239
302595982
125606510
737418432
453841245
985629805
776468400
854426482
291444726
125226034
347226129
51155806
642511889
686931427
331825112
142408489
153136004
359436866
536322852
323697614
178776548
46727801
232342847
202627970
312723491
990569005
185612849
404080243
572882647
514433700
513353483
338579883
559309973
221581722
446838684
265719431
423605634
7574663
659151964
297511067
509112312
586766753
429039335
295919487
450809110
121196241
990569005
801988824
20770988
867922324
398836609
480919020
333158449
898249357
655254025
626356776
567440208
836769196
350397626
487745312
877037356
213903976
370467911
145240278
129550258
119099781
806969287
512453242
958593448
11724065
443158677
868710146
848042164
820913199
917135836
914892525
961386775
448487224
5920357
886665110
19151149
654069055
286826729
20997302
43841598
288264922
892404795
548253871
826845051
861141258
126644458
593710403
3794511
47029773
6006932
954496026
606670571
606610243
984884714
775833181
22164239
533715175
738770248
313126551
42274445
344009066
55516812
398986948
8375093
828618233
178795722
557479151
227430158
709043253
24595938
452630141
39105291
284152408
29335697
21888427
333291414
33661026
273978408
845332878
778922191
252839057
963027917
558028797
510871246
29939354
626356776
14698528
542579091
798612185
355006508
711748167
465733319
559791718
525921886
86364683
102106878
800101744
323611069
184932848
340757521
701219850
809290898
412375583
953516289
537022654
201324238
154392883
717597873
897389130
474706975
968873679
686642539
953516289
178154278
181491952
734018400
396769021
823647617
149094363
10772826
844358186
401492163
350147044
226613576
412103333
762006974
70701104
667522447
405916848
612808153
350397626
178813573
176399464
769935608
29036179
835506313
909129433
25276728
399768767
50192190
670697488
778493168
195118825
56693528
333910885
383795938
700388198
496506370
674007615
610560944
598561366
112834436
753814425
493083911
72049537
801392945
747443291
907638655
615523125
164237325
927707621
378918208
163668025
484739627
167502842
78326449
882634345
86011402
550615413
474186974
503551143
59942928
733881556
881117554
770437891
602658089
181888127
122011306
81858908
473717637
209473903
752769454
849992114
797616654
179461873
781836716
880430314
309721730
754984639
559408520
36599583
605162023
692921213
473151743
112038571
641595681
20926278
303576770
333291414
594776571
893543477
932722917
453702181
292453651
598038421
114672039
14698528
91964041
435025782
687463596
828137517
319906535
889416718
40668858
140626799
971870843
508308247
390970436
317159276
358764283
798606284
804200565
509706535
902020984
948227969
746694441
4576744
844973217
561946712
267257169
103114365
572125326
467467188
338579883
137982513
469430135
259989582
962097708
82300144
966859387
615892413
53542836
291561342
95609571
726115474
18107669
718657971
12651545
149982023
517953277
809423081
881647638
550942264
43841598
737239561
991736000
21888427
158064763
627220865
286779698
744898208
471491096
42617682
32037540
469430135
204500242
177804652
801564600
107151706
408999679
60164380
55225396
61242671
853723263
787811069
475262525
671804151
96296573
100294159
714420397
687767068
262981409
219179716
436100842
116849946
406286603
495094529
998749101
87711899
310028309
123735218
564086031
210212823
763513771
27331336
123435754
694738798
370950502
550050020
335317503
799428230
275159635
135860514
180618940
167242421
193915585
682413631
436100842
145731581
14910083
196484300
614797523
118135788
820913199
160460330
226125270
509112312
782217139
510623799
55056817
469942989
667044603
468357704
96816055
30171188
618473886
850137940
122655719
19858129
470535255
451534600
531662643
125606510
259677758
687767068
750530627
669927703
167709507
467882999
892870719
954496026
194023749
536826067
92384616
114556835
771447929
800101744
486133323
889363718
369841058
618367490
80338334
395858235
351687053
524954849
911143834
998749101
129522240
670018367
777177505
948780339
206662369
518726821
207472471
150733032
393216116
588464436
33186220
297511067
903742403
561861412
271602435
962115149
376620253
331456379
22744128
486586413
95177475
701275828
88200654
462015637
468212836
127088890
960012202
116815765
503906095
797625303
556117290
35929886
607116994
280838052
42607072
645667520
143026250
865825107
458274443
694738798
554793850
452949529
182698983
217742459
617954076
118471730
743660498
28690915
252275151
113916815
713482261
837058772
563289429
966188849
32037540
828137517
18730994
946134400
400910122
362281134
349771866
777170074
577091750
12902722
989041590
472833233
653040627
602955018
572125326
480132545
116861479
688988391
36929272
495236975
383477778
833355697
861693641
312552570
445769207
556675990
685272227
844358186
7101501
201037319
272478179
44616764
124682521
193436811
590011675
96816055
201324238
852613526
149361502
687463596
276137779
963652353
454514793
209252317
737239561
638320798
305850340
421117171
98043776
535455686
496485698
623037030
374833876
160830826
249479553
897447279
771447929
801988824
9583308
343171676
272861598
559791718
821216825
27754461
870639160
572086068
644108883
286776611
524460228
593082585
430140947
77966653
64115290
885627952
784132042
777543322
72620831
812543531
407781902
6878286
925763250
277456442
975889773
316391589
732290391
995935920
185450185
858260569
366982597
823722431
882973964
326114634
746709524
125219352
51047995
285631880
487745312
667104287
450686647
9262289
707187293
563993507
285631880
177501350
711748167
816334033
114416288
119870551
395440534
487745312
773144953
178154278
751939593
939106453
781823532
460544464
234602932
954659317
47677101
193534254
564086031
104509612
313056970
659897445
595894003
688309061
36610678
986819219
60137008
299887663
15199434
922181889
69721706
33513968
371603820
564338578
46697218
111663405
740432361
316905119
645058428
540741503
467467188
493083911
627337354
630474141
729276407
732290391
15226668
488235920
729323741
724364670
275159635
158247712
342448508
304441826
473018328
798985363
343564664
716980318
782292027
333074686
12452895
882973964
882973964
692921213
865825107
911055077
750857997
276137779
106100793
37723188
38582011
13179299
335008021
41617769
752986895
622299573
733045483
412998407
970726916
770409587
57161646
661811965
800653608
156720138
923861972
653040627
173576865
270157686
126715209
33513968
923118404
36599583
809757638
44513993
810059
594790661
964117311
440712637
850821637
712323620
421117171
442095177
859593186
980111621
592410069
673491770
199746838
650366414
911204743
52945960
591986481
958583310
206881831
161270428
116228313
307566602
32083104
94693124
181319318
113677502
563681096
671962425
174623533
93356581
888112119
45955106
51514867
927707621
983598439
380050344
469388855
237735436
191007018
901662127
877728665
360601863
408266166
344428766
525149436
766624097
920054591
968873679
743068219
896249180
871109680
351882361
935349871
281339522
615892413
539214201
982292958
214750934
335008021
96296573
550958683
995041255
215714766
737248695
171258542
296633271
443158677
958753299
176684486
501880959
683468857
201037319
414416229
7962174
9842222
820913199
211405019
411813920
228659302
930100460
764593140
625003825
773123364
375614625
605162023
45379090
395274828
823785235
519864301
963050649
591352419
159706833
707527391
390976358
415585218
35889510
632114602
291224106
286222075
485663294
271959285
383724941
76347739
75190050
442603434
57046868
659151964
108969627
434756216
466974364
171035632
249479553
293598705
14366706
953235815
348594037
123735218
330024060
520591358
896412491
512053343
268248633
509756046
87075753
573084643
449270106
193497230
272974701
685153040
276137779
943103459
227691859
649637933
437498344
180984774
17572896
68700886
702586233
806663452
668518013
46346187
128737009
734702389
23384869
104516158
723528265
266973496
92384616
998749101
617952647
124058481
105353872
526419414
259677758
39877386
32758527
181888127
606670571
39205961
964577832
938106260
723528265
21888427
707527391
690597023
43891783
944236649
649256128
115209305
390374499
161675872
78739694
377328407
183406142
856320593
155113791
762643628
134236434
922910698
115847913
409546355
455976501
464155415
6006932
689025524
650366414
844132777
848772767
386379049
674007615
566993308
239795221
977628413
178154278
968873679
849535321
854132957
21888427
460544464
44985158
17572896
97279366
734886734
183313821
116815765
412733037
914413065
701130340
489861125
95177475
730235901
991128625
276137779
267567435
73753300
495097941
109536774
851717626
320098365
754385082
741321144
736318150
98593563
605162023
69104389
471212587
484053188
101846791
839966418
698304701
367728707
226125270
147165042
737955685
925763250
130118584
99788765
961699461
444787354
393831478
528024610
315749571
131478732
231801009
459251481
913717159
428773812
404218915
411813920
63533628
257973554
914271017
592961968
481132002
274461839
910489646
930371897
126644458
533770488
167048758
297511067
34723084
736318150
841641469
86011402
293505033
308117257
489908497
914385103
550873589
471404576
439876883
65641367
541621688
797861328
476844735
798606284
320268382
60540843
379175639
390903814
527481733
331204578
377018348
736306124
401646362
737855176
393216116
587474831
148970543
476556907
983435724
655254025
489908497
103167197
412733037
110287241
337118934
802694304
554793850
253853888
88570276
790631109
741194362
781836716
399272155
110155653
93991502
519498690
711713509
146325959
960873009
145731581
19858129
491431837
433774511
939106453
798606284
51155806
851943266
185528414
348373224
73848348
325618666
272859885
930759677
798606284
177379599
143472146
66515001
971870843
120983975
568896423
15658119
584281594
737813551
273786986
337922628
993809189
600846215
268707044
865825107
444922645
669927703
165622552
161307022
172298738
767147874
602658089
172298738
21888427
671787591
539592053
475676649
90653835
501416503
46895117
896696667
128171758
32037540
525524872
773123364
242374479
778330295
712128331
322922281
239795221
294199873
793843635
599298443
920334239
518718765
510623799
238839563
47050454
525921886
924209422
401492163
439876883
211994439
764676460
383485041
696337476
91783454
531245712
239778353
211405019
733045483
69979073
870985401
653725067
228220069
927707621
40763794
992193632
110743328
241173109
537548175
947734281
85799414
128365143
414416229
672167099
333291414
440444618
363272812
37735707
293516304
330624703
970368614
773123364
201071791
133818267
386379049
616607794
594799651
689822498
279251701
782217139
471227151
975235115
352246623
372386962
186054649
590778006
309721730
658784567
418203935
70027477
582863938
80338334
112433216
100751495
844358186
33513968
178154278
896249180
51037511
217827915
749346764
16265002
489861125
883782970
517080159
88290460
906917695
912191528
461357502
215114067
868734843
109694626
52410152
611082415
839946662
383671680
920054591
238000736
236377572
134724986
23641201
107872241
144414697
291224106
103137008
844074700
685875810
743068219
57161646
907556899
420041775
159245935
81752495
737290798
92165644
96151695
340259941
746794579
92394308
673593883
608943904
25462054
39102988
251305574
990569005
210930144
297671100
961386775
506135087
34364913
99653198
7849289
598777506
857312548
52038663
453841245
460119778
551445411
683739396
90701763
617057265
433207072
815851080
3197778
650338310
766624097
93656731
79136822
643000505
564338578
785643934
988058546
420041775
877800268
874836097
870196132
889522722
747287196
593557985
778950166
996110891
795286519
20997302
782217139
449270106
333746815
734886734
958753299
286222075
181888127
273786986
735534771
189101163
699267230
910386490
638320798
972134990
892404795
252904593
234206385
724364670
733786383
599978731
232298000
75287248
866010582
674659296
543239203
107166271
17208821
331398426
794090890
782945017
179112569
816334033
144631530
828618233
277456442
503906095
8375093
798096424
620074042
908743491
122011306
411813920
465420764
75190050
861497041
275751730
174160160
321074690
851952119
392359727
674749138
495588986
729647056
686931427
194153213
793843635
540741503
961214923
968873679
37537604
881575856
140842104
858080251
717999434
62523190
209496520
60137008
798405624
238146196
190853246
842443416
37962598
786116724
782292027
381468052
398661928
57046868
23403579
978827163
227430158
279184268
494560632
547670474
684224861
489178657
227781919
144414697
968873679
711748167
248774662
56183344
263836071
610382681
475343095
353553040
928260764
878323612
894416410
777228577
176346330
309297142
273978408
623854658
396990061
148942362
204416992
958435838
840506041
809256631
761364068
893281828
530159177
43841598
100420473
82737582
539232266
707806073
836207461
128140518
616873726
68864889
684224861
166083298
52945960
369428915
713646110
712323620
150733032
781823532
524954849
555532154
218748232
640880088
3794511
482384643
468380253
350372969
171035632
187580920
656675334
509970040
821815669
734886734
178746322
112038571
929064353
826845051
489117377
178330507
291224106
161653404
781836716
33847390
268934153
82328828
524954849
143472146
585563854
272478179
892404795
645977736
383795938
175961647
49685623
958320638
43841598
489861125
322611055
496629664
461450603
11724065
20997302
381468052
149094363
989442009
323128665
507154350
693855452
125858620
597006078
39175531
468353815
293749308
510623799
280092827
251909941
504093389
632641661
52038663
446498778
149094363
657900497
529554850
489178657
636502262
744910707
903742403
14698528
32149184
434017412
455306223
961386775
810955803
757346283
51155806
159128217
441984659
799812719
512536559
23641201
186054649
877728665
82328828
283976560
758938292
174623533
971870843
128365143
160460330
22806404
485663294
14491005
386958467
193374954
372825422
429333495
524954849
851307651
548494908
129295484
3794511
469430135
145747562
798386505
649034299
281524139
564338578
179151417
651715395
316069241
701219850
988058546
42380719
454803118
972896730
775304376
602658089
437947555
83378856
964577832
88200654
640306716
960884517
381468052
793610949
167845410
689576488
829821651
635520956
276137779
60717951
781955045
402088445
151541525
282882024
821216825
655254025
554409945
876445928
451985726
591507979
767184868
449270106
67153656
320016251
293516304
563784381
140611707
659264567
801731918
638745178
778950166
17025425
615892413
78739694
984884714
638320798
910695394
5920357
884142551
277687767
990355186
259923446
610578838
676878513
859593186
707527391
986429631
392191636
596464608
659264567
717999434
973304302
113299167
293505033
86598812
842611711
376620253
107392374
333630445
746794579
304519241
867997136
648865603
728624158
50713833
30848183
692921213
420972442
399272155
70595272
72345131
314973823
180629553
16662222
387773986
373732549
429333495
821815669
370467911
64959233
233076151
485434934
439903919
58797960
289788069
564338578
449347757
545427899
981127472
49685623
114208514
794090890
330346638
171791208
416188624
171285949
87992904
145692656
979444276
687610422
615209019
108999701
618473886
275159635
969031720
56761903
889283705
945949990
3366219
247966121
752670604
659518092
368668570
828155248
662644505
439876883
494178398
44167641
29577693
434292643
859593186
813012232
409017840
293505033
975883645
965223510
221513738
843386350
927707621
49685623
786832717
196973188
953516289
970811002
297508797
698515664
417117383
264713447
984884714
925732687
853848917
376620253
38038785
496629664
68182632
41641924
77536686
881575856
674749138
431827482
134204714
275159635
941505275
937314478
801988824
273978408
201037319
800239982
844210580
41972357
145778742
954496026
79699501
49978056
826644458
664210533
271602435
926736752
633716547
808948837
542650121
439229101
529121883
911055077
351687053
351687053
591836333
821815669
242722450
688628336
92384616
946134400
210212823
266440276
454729784
781836716
935328955
158247712
149963958
700790813
302356013
734018400
72834383
335634387
35370433
540606686
126715209
178154278
163668025
205930816
294388832
638320798
584309774
398134318
88881594
899249152
654140730
904195129
51309207
171864072
214897243
314170216
824368435
668801275
277491153
144645478
854538310
381062573
137219344
307490779
990355186
566693635
625003825
259230965
761018343
552292628
35370433
296964120
772184601
235985299
800101744
650366414
82219580
180618940
896489877
973272813
744426561
851754379
443158677
649243259
550050020
841667727
421117171
442199345
618560686
456738607
205186673
539013805
84474246
712376931
215599714
705868976
542591172
973304302
893281828
564338578
120983975
238146196
115126066
494706867
31811047
530180941
773490277
117956840
217966140
499713258
703832983
779528549
286879988
510871246
78013010
391787059
120983975
375358834
345730689
490110609
472833233
63631549
240086226
37379408
970726916
177464779
35359236
12238868
17246493
778820846
824371724
977468436
296960736
334459307
714782356
256295102
309721730
66367966
329076113
959170480
970726916
21677035
962097708
572882647
968231311
881866544
526409314
775853634
890821003
140223112
209496520
46346187
944842772
813012232
473604707
481903026
586776869
30146834
927887456
917644539
106460790
966384846
889363718
796496080
441355731
91339158
800852093
318696259
553278522
958753299
850821637
393000755
936636326
312604638
435823709
965223510
980174200
32156736
524954849
562963284
30014897
381944844
596870177
274853059
51047995
145183898
86477014
116815765
110850133
876043092
717335741
60704204
27693834
375614589
472833233
293516304
22586260
725201496
234602932
587138675
51309207
640910132
111223671
74916374
231073980
971687516
912191528
274100378
514507031
332191751
484052570
412733037
965223510
635012260
697220565
93841731
81561339
505189712
659131759
903228984
32739830
862635616
271602435
330402707
932410776
841519766
838338031
149094363
923861972
613009497
689576488
698751768
961933142
35487209
441057560
963458621
280838052
259230965
607926273
767147874
25914863
801731918
883301507
501075015
390600482
89013469
494706867
556462216
753185345
123735218
36889642
133431000
610578838
818200257
706708583
453841245
737239561
958320638
509119078
618159387
983010749
11705305
52945960
400446385
71685377
879088423
68182632
533770488
726115474
167090469
637268204
127494243
737813551
163579965
778804722
133960191
607926273
836207461
965216999
145183898
88570276
839946662
632963161
4576744
529401619
920334239
163668025
248774662
207947441
180698750
429242628
749346764
536437938
405127497
20997302
564223799
735948115
907297391
482500252
68913255
365964793
793451328
458238146
369820900
917838325
337576503
469430135
518726821
589096996
983010749
332430665
821622986
462720446
128365143
806969287
690597023
894416410
114843739
537015142
414416229
369056980
29036179
118635242
777906524
634844937
572125326
724364670
916922207
925752500
89181952
699267230
466276102
920334239
475987402
588464436
494141630
130082141
465919947
182493303
114416288
6878286
509119078
641322332
605162023
705435226
341298744
59413784
624262881
730574511
442330615
250859242
780705262
4576744
999294643
131925610
729770117
439876883
80912083
56373022
317654120
291553669
209974022
600846215
418363339
208523927
989665617
797755417
841287558
335634387
421117171
875935810
294897596
151748900
21888427
687767068
440712637
182493303
160460330
591011644
9257333
473717637
400328831
603585688
796130455
421584682
969474054
613281668
123735218
832817701
836207461
369954215
883885564
755776592
737239561
606610243
886587015
121159728
400328831
596870177
284831741
445711801
620801849
866310430
393000755
253853888
484052570
891371990
817469930
339174191
139153950
616224273
178813573
496378066
874957735
487745312
529630450
845427937
98875656
632620605
45627875
679738922
394791789
481959074
940635129
56491931
687463596
679814620
591850493
307160747
15968047
713646110
112038571
717458678
945218995
208334346
35310572
512536559
115847913
915582194
92384616
548261079
552444937
521875673
289788069
597943465
501880959
322726436
512494022
382767314
17025425
369841058
171034760
3794511
920938463
512453242
107680005
966788766
644995565
115847913
859593186
670018367
875719787
594353494
717458678
547232562
32037540
689576488
36599583
925102358
112433216
654437741
889363718
398986948
364206804
296577123
392191636
906344635
393216116
245670631
540675147
716127335
662068074
228659302
919854381
82699166
986123250
99295418
264235749
946134400
459879806
126148092
522302959
381797391
229869573
737955685
74458426
483692541
156883159
178813573
699267230
849471103
123735218
339407015
671742921
819615182
108995958
436100842
572388678
651777769
292069602
5123210
657900497
842843377
169309013
650421190
129522240
248304418
85608329
773123364
587337623
440839240
717458678
653124568
304441826
671460902
410454255
589806848
666746175
679738922
106681433
111777336
76869123
16662222
813012232
891463677
932410776
400413967
400328831
890642904
326195093
736318150
903063222
244228337
732968016
843583743
920393427
102542637
583904503
137943311
535455686
904150519
979920097
803651860
652810461
295191139
92384616
35560836
734018400
845196631
645630372
239738359
33513968
586578159
572125326
819958340
725547208
963050649
168619959
206925469
240664237
30470208
110754670
860511165
76298939
83648036
49813887
550050020
259329190
113120833
623854658
42386527
178813573
692458309
608943904
99788765
502343034
861770042
698718756
944618732
805740783
110287241
434337632
777543322
483668212
452428512
936754489
21888427
398053893
667104287
94484870
852167868
4576744
678809330
27009031
783999628
316021584
118072160
180629553
513649448
512494022
102449826
533447193
526390254
166646851
337576503
7180353
516350222
740432361
131607132
677614439
979444276
504657708
399768767
788606895
54829799
990329776
881575856
225592838
979444276
496629664
926722980
666895022
644659904
897355346
125625406
853180933
780710364
495588986
450220568
377328407
124445158
428518063
289493531
618367490
194855617
120299089
393831478
383649449
410226677
145394493
554409945
781823532
57046868
467467188
362028101
583094325
609292287
303576770
670028129
813012232
300544725
928193994
481959074
988058546
32027368
887112772
143472146
982292958
700790813
730574511
558028797
49282609
194759122
829041332
94814744
238839563
456411288
117126464
986019745
244228337
484990402
605980314
225313744
172083073
228247619
806368066
926722980
861770042
422517837
509531336
456738607
52945960
956612027
129509669
350214463
125420533
375358834
421705298
159061859
20997302
554837244
80828503
697055853
761409863
385720858
24059508
60540843
392359727
536437938
472345885
159584324
191454809
351882361
287214006
447551128
226125270
442603434
761031238
622015565
732290391
30135534
823785235
272861598
686642539
725125489
509112312
35370433
547358770
185502225
855631022
652109277
676779678
339869194
659151964
366797790
47029773
965216999
439876883
693499376
226727966
958753299
806969287
130316768
173135412
893543477
373732549
521934677
830337028
400720861
986819219
37379408
150733032
707880690
57161646
472817993
813012232
141896844
180994258
59397839
466253246
837035773
627232523
49685623
279872534
378049697
562512739
586868104
180038218
178154278
95246414
120997248
93656731
960700088
393710002
685875810
844210580
939302102
785213428
125858620
271602435
966718018
705548708
564338578
30014897
349771866
555083642
512053343
399768767
520800975
187459312
529401619
520800975
331456379
743068219
137219344
925732687
140895512
623593329
437403471
685312334
699267230
481620126
248888738
280838052
224221740
35359236
63951082
58400553
945101897
707806073
400910122
659151964
22089156
829041332
241725614
440712637
608655762
62245260
775304376
791707566
752188565
275159635
259230965
330346638
149651182
741508123
494560632
790828234
439229101
710560986
427929440
242374479
857314008
285869500
791672779
60137008
29745800
170307767
785864997
489861125
462586572
306068044
793843635
657900497
171864072
520800975
686931427
299247209
59326948
475191198
330724534
165224626
108620927
966384846
953066707
710040224
777543322
88200654
176346330
367398890
393831478
466679377
114416288
638478049
703832983
653000461
853180933
554793850
230986575
342283135
34630457
134075081
362793091
931707004
634575488
671200975
149094363
731367536
280039794
587337623
450465945
175522011
9257333
86105860
985629805
533447193
184932848
860740612
635728527
434756216
578472580
133362156
602095640
952671939
4500501
137219344
96527933
591267820
439229101
712310537
76298939
436100842
235985299
125219352
659151964
215114067
881587445
715217201
86047567
9262289
583246007
162384080
330402707
26539633
17853346
818233779
110001919
433684137
197821953
889456115
594985734
511122748
274438842
917644539
885585072
182493303
247966121
617057265
559240774
377576525
376940358
240090462
300970927
925763250
810470352
773144953
119038824
277456442
107151706
937164356
60137008
578622514
9583308
911204743
935349871
668698172
960700088
305670106
885627952
75531771
244228337
739613179
90548182
806942138
431358591
804830355
599415995
982292958
381062573
304858339
992391395
25141346
116849946
764676460
958593448
286222075
49462464
35310572
384177679
837067064
481959074
96816055
609286348
798551728
249945589
4948412
123196726
694738798
736306124
378311084
481959074
711457629
818693665
62231517
6542682
323840239
8215582
369841058
362793091
589343081
882973964
903742403
689025524
456909491
698751768
238000736
103114365
460544464
701428502
501075015
511357239
901136748
786116724
975788818
563681096
879668555
652225721
36895497
96816055
920554805
516821834
461347695
342174768
473018328
499435902
562818179
904198806
625123186
151178587
81701897
379305996
201324238
335008021
473151743
47279071
100334507
22164239
683739396
122011306
112866439
852336459
273786986
321866139
148311710
199566604
472833233
442330615
175989340
958320638
903742403
999441473
63448082
842794930
12838869
144215358
599233076
688988391
625118431
566848799
749346764
742079261
268707044
572125326
61269765
279191304
583787226
201324238
337758099
999214108
134259594
544714898
743456484
922910698
94484870
794200904
99788765
587337623
481290434
86639243
244412665
197181807
238000736
369954215
166810389
495929278
100404810
707187293
559791718
189564709
549841002
48914737
573855516
847727886
201324238
990348050
450176351
564223799
715294878
495929278
958320638
87904392
474051015
669927703
21523250
562963284
325654698
624262881
683010140
473018328
795286519
26264069
376620253
206309648
997761169
268531529
725125489
877728665
348143043
66301827
189496503
762326765
563681096
234705335
88881594
583493034
351956068
594275761
20997302
27912297
193374954
555951539
640306716
21614527
67184770
830613680
149963958
974324508
737239561
828145136
223727484
599152094
271602435
757708113
674659296
136598854
276677547
945949990
610578838
429333495
303607671
273786986
332103498
429333495
143472146
722562278
366982597
333158449
439876883
645771229
743068219
377576525
940635129
86972021
240090462
136839796
3794511
332217967
714691169
125199757
136595110
953516289
465345808
354298569
575421117
551897063
392359727
720195015
36599583
101436317
751002899
413822531
112433216
218655076
350372969
95380215
112753599
716426214
911920935
504526747
125606510
249479553
927887456
381997836
167502842
904286916
140223112
131355475
874297213
145183898
806969287
499011184
621318043
322550558
510871246
935349871
439450303
520572842
416067614
461585088
675878276
951105384
847727886
64384000
60787722
349771866
158247712
631946694
946134400
561508285
40947366
353017888
66098879
273978408
828618233
105541636
630466506
167346893
3385511
991043112
820913199
101846791
777492727
467352885
539164689
250752656
700790813
621123368
73097987
628610390
960527178
145778742
289493531
227111552
163967331
85571965
355050009
101593376
56491931
777543322
794817655
119433987
956659153
11438040
247428815
512494022
314731019
201037319
295191139
546351295
920054591
6505712
766307873
79139461
108792713
592364931
119038872
550810579
968873679
826845051
495929278
870416737
453454029
537548175
561052906
51155806
683151080
544635101
473717637
687153612
31437896
811386489
931672235
209496520
84321890
700790813
134915709
487745312
79139461
488906048
408056084
212230723
512011513
962097708
49442375
43841598
461977114
533770488
520456002
934917883
312604638
15199434
714328706
212230723
65571475
811882448
659151964
262163283
953248916
648527790
827317782
986819219
206662369
386817150
634703546
913653773
100294159
488889559
230074142
953437886
149498284
46598211
983880673
717030170
207883731
366796987
408542056
834145266
415489652
3259339
330402707
381468052
167242421
753814425
955100477
478446034
702066276
451534600
549492393
438086873
273786986
450220568
13241379
449012169
963458621
238000736
529018903
11438040
806969287
945386168
742213252
364418877
248774662
965973919
259469158
179112569
146325959
618473886
891371990
52945960
559791718
687463596
886728184
853180933
50761496
112834436
821216825
786161940
402286782
759143814
589405682
773490277
453788675
428926710
99295418
493084822
20641847
155428989
47029773
545696546
116849946
446279086
684507728
396363458
888609878
434756216
976479181
118461348
505303073
157866929
185975428
564423977
399768767
321802161
101376054
781347609
978776461
753280304
649594617
581784716
153719498
912237974
144645478
861770042
476381260
684224861
910695394
783007280
21019431
388831894
186158877
670560582
134906359
206662369
188663263
16745746
420582770
470704414
989159966
777543322
99587487
529401619
286719707
298183038
990780865
122678507
376670507
875447799
108423346
701280290
307160747
685875810
379291886
381062573
364811780
93656731
19252071
323840239
103114365
51309207
128365143
107151706
497376585
201795479
780437020
897407249
683151080
178810514
224327818
501012280
304821323
167709507
325548074
338579883
954420699
586578159
171035632
787180626
105338821
161790571
450686647
834819693
514990605
775798244
967506764
87363255
512536559
700314011
826845051
624262881
909710602
475343095
846262244
355803930
925124872
19094343
384856175
430991662
365163702
830448716
123735218
178813573
174623533
602658089
630748239
547417005
867921744
406963416
125858620
745007228
431700171
919980804
916661571
948219721
733045483
420041775
782217139
964577832
138924647
968873679
861770042
317111568
529971383
766624097
473855858
471234887
257337981
170016615
35359236
273978408
466850461
54829799
961386775
228021285
137219344
411561611
538420785
354417882
648511163
927020129
926388392
183313821
540741503
399272155
929064353
777543322
169883702
964936324
4576744
178591046
40972030
507379714
904195129
616915673
933359187
631432960
742904011
580279536
394868048
36599583
306599235
74458426
628729628
733045483
55535228
642573342
848625935
76271393
84571660
940635129
972143868
826019390
596561172
17853346
373732549
770409587
439876883
701219850
169892670
933380189
125606510
274438842
101303700
108969627
79139461
695393521
550277486
550873589
832740693
518726821
124667675
307552041
369135071
64943938
685875810
519323197
240080994
886907684
451534600
307552041
140611707
520241662
181888127
384490039
115209305
69979073
429333495
416878502
801988824
679738922
866310430
74458426
337118934
141980365
610940632
178154278
158247712
173576865
535899562
23641201
803468996
40443247
566834729
35958672
841258873
340288200
625003825
43841598
535899562
624713956
539725369
820913199
404589501
742157631
946984242
263836071
559290745
416021319
963050649
641322332
88115942
335008021
569530020
995935920
555951539
67184770
725742778
408464447
54189625
150521220
144414697
508941539
115435572
952127948
78074676
30300371
645511547
613281668
82417967
777177505
995317720
241153736
503461125
496629664
739428853
802348052
962097708
649386576
792506369
916196695
94925989
546147354
14698528
510871246
654069055
282994211
641495567
605162023
333712311
246257918
10779712
698499861
983010749
848042164
100829288
868325755
3259339
349968529
977468436
108999701
586578159
956753724
522420133
120080977
239786413
516350222
991636213
528443041
269015169
935349871
995333552
21614527
495929278
430340728
653129113
21523250
35359236
242133026
870792652
506071397
159128217
400328831
640306716
565624322
3259339
133609997
513769598
93656731
695093780
540148158
373077145
472833233
17025425
640306716
473604707
398053893
582487136
538129466
348281767
374951227
606610243
471404576
922910337
240090462
411813920
201037319
816295482
225592838
855243859
908558826
51309207
609065953
736306124
126644458
193116925
245966469
36610678
293516304
551807530
114416288
885245010
823309817
793451328
201153629
464155415
489908497
964312545
589806848
866082978
865825107
874675501
366518329
119057948
590011675
115209305
970343474
8946447
642945510
570889490
348594037
475191198
64384000
12201330
725327504
723289227
801392945
886672379
921399404
46598211
526390254
425845928
810059
732531161
62079892
495929278
33323443
525671696
272115468
118461348
280838052
18024600
869547162
677339450
286756501
302635449
9257333
776929249
520800975
737955685
377328407
943707579
309297142
682992724
241036709
89159568
865909273
939933508
903159122
545696756
182378613
718492632
842126979
5035575
586207036
510242037
669927703
445792833
878098751
161790571
298567201
862635616
259841221
452210342
777177505
59413784
251312672
638320798
599298443
148538145
412733037
410871949
252805211
377159349
263798513
450220568
799574381
979444276
504458364
103167197
465611255
667104287
315807506
420310316
124249319
554808994
280295037
243909687
4437942
717458678
753489384
875105373
271805848
767147874
688369017
670251182
518691399
330402707
64829097
94484870
19858129
239795221
801988824
123221565
922784592
510052596
738300303
677540584
881587445
426105551
209494850
291444726
252275151
465919947
978776461
669082073
227111552
923861972
510871246
925352668
291444726
822695687
425669567
222972924
564747282
47377327
462859966
989074771
478446034
910695394
840506041
342278629
126640930
570541348
127182996
55882504
29693642
45379090
990355186
723786956
657900497
126914421
229325558
447593622
53725816
781823532
694697524
401492163
209473903
855366708
440199844
932636936
775977556
94484870
859593186
724354536
536437938
499502198
792266896
467352885
11438040
834746219
412430173
541386153
935604803
685875810
654069055
557093267
326804268
7016093
384303325
408464447
518726821
985829685
399768767
532785224
6250432
65862716
281614044
211405019
737239561
125858620
390499361
207142493
812843491
751002899
550633134
804666861
988427908
183589099
215714766
525921886
81109352
789951759
19252071
318899234
711457629
112433216
95177475
222482724
325983887
264521492
978898761
500431760
26264069
502340148
775304376
105985725
588464436
528925297
917644539
9767455
636702012
822373765
12838869
8125190
59326948
750578951
70097676
194348840
525766763
97689015
328390482
879088423
649243259
383485041
210977537
806368066
145345589
351867121
145451519
222119642
523307580
374196595
75517874
657098046
770006808
717999434
469430135
672167099
712323620
285390693
417470047
514507562
746794579
408830830
649243259
881117554
264482396
794380470
272859885
244074552
305463375
626412295
389784883
965834330
154321421
451133539
520800975
133193029
140611707
880430314
993678856
351023202
248774662
782170172
188663263
311920446
503789697
679814620
534360435
256004972
442095177
79139461
304396307
775304376
732290391
49320949
712128331
841440729
505119467
677730030
207921182
466630679
993984837
735077094
158247712
793887699
489861125
591507979
962097708
445792833
246094225
33661026
697055853
52410152
237718108
381062573
297511067
209761588
190530578
10204255
995250328
520591358
206662369
38334848
69931943
636690500
240090462
686642539
983010749
616097484
958753299
949696069
337118934
125606510
303469681
124437183
957798547
925763250
890499918
399413049
97842839
169309013
605162023
450686647
528572482
845382735
963652353
451240871
40160890
178196163
864120636
400328831
378528755
273978408
331456379
272296641
193497230
856839155
116828213
933751973
499211646
214805809
890821003
596561172
54829799
272861598
383795938
464155415
93656731
951384259
201950182
697055853
809475159
701130340
235985299
431080634
425313016
469388855
659374000
739931095
866691929
179112569
72018613
594799651
771256596
992064584
635235859
791288248
848042164
808454514
618885688
891371990
737879410
783487959
378311084
640306716
802348052
578138365
360472207
863148881
92384616
15484462
36610678
107014176
351810899
911040292
149094363
772813745
599298443
787910091
582965639
272861598
182459428
970726916
125199757
728069611
166110337
510871246
944817898
370467911
370085625
398986948
877037356
288722323
885627952
809475159
953066707
662644505
106681433
347392914
159574969
473876349
376940358
588464436
942203656
510871246
438310917
376940358
700236035
737813551
370467911
69620367
217775561
176376964
895082242
626356776
875920992
366982597
65657736
522420133
743068219
687767068
573084643
800605405
174090831
112433216
145450553
924576845
475436455
305463375
804181957
674749138
802348052
89748373
709461263
116815765
42386527
840705
474345921
664831025
874440663
712128331
721291411
11724065
65691897
907666006
141747588
487745312
381062573
50825439
319189028
317317827
189384957
460119778
923861972
428792819
433207072
287701611
155113791
408464447
63465245
2856416
57046868
644108883
560974196
61242671
957255027
600630273
473018328
9257333
694420552
471040125
276137779
960173670
32414901
873581643
51047995
408999679
964577832
608943904
179112569
825886235
497624607
426302364
566020994
208830252
178933170
9556832
99788765
393237356
804897456
965216999
101846791
93771432
433207072
3259339
335751750
991128625
115006832
597291632
34723084
944618732
897583218
742197737
920334239
179420423
106460790
726115474
688988391
973985575
965834330
76347739
112834436
392660698
433207072
20641847
527147821
962097708
274438842
309297142
469388855
333959853
839268557
412529844
495588986
461713176
540741503
112038571
82328828
973304302
662363316
692921213
412733037
876981361
578384724
539262214
63465245
879088423
451619340
351867121
205186673
204203570
164963767
587337623
776468400
665940159
841641469
751195258
253853888
979628409
982045353
453841245
58825156
952649945
841258873
211222746
384264466
84883810
99295418
965216999
395840527
932410776
383957543
497376585
219771479
816528389
791636664
895278365
417192188
5309217
378552217
118227010
537548175
586502905
800101744
540182785
186054649
316928300
989490264
226125270
700590078
68182632
326251455
461259570
127421141
756607551
855623682
287097340
911463615
782780137
176399464
858383625
565052121
467352885
689025524
43023806
673047110
445792833
381797391
697058338
795286519
113689947
778493168
726174886
670018367
442095177
294897596
588401990
674007615
773144953
439404367
727329283
167242421
393000755
866478124
252805211
1897889
598340034
243594756
379291886
323611069
780437020
176399464
414416229
23204374
238000736
520149461
178810514
293516304
252008813
641322332
966384846
299140679
61242671
478446034
684267446
71281748
558422316
147165042
279184268
36599583
145778742
838197932
122757686
912191528
915032650
160460330
108969627
902636
349771866
22164239
786832717
110256846
828137517
196484300
241681665
167709507
695379343
29497915
193641563
974905539
652810461
417559104
582411397
683739396
314385532
848412053
874649338
447138603
90923100
637912873
894416410
833787570
909053967
589806848
243567551
349771866
501885087
227781919
336682898
562512739
945770249
390184929
931612337
939007920
851880456
678411720
124615195
257127159
886962792
128173507
154510333
589518784
183313821
99043736
532372035
22164239
86011402
489178657
550277486
920135240
163668025
155113791
275238003
75930100
293804320
45954647
434756216
254883914
392145287
479330630
94163679
870792652
280717626
167972623
916196695
128365143
399272155
400328831
408783217
966284848
644833758
592364863
6906470
205590433
545427899
909211732
588464436
631432960
915747634
69620367
131925610
6006932
686642539
354417882
342578626
711916871
66245660
569530020
92908923
125219352
908695802
251210654
78739694
899249152
285418156
881866544
3229231
15672967
141792061
968962792
377328407
279184268
892404795
404589501
372145565
619004039
333114999
985655624
489178657
661662389
7016093
653426487
335317503
340890698
371077794
371633543
206662369
879238836
559791718
780705262
27738480
601569331
996315041
376670507
645771229
932410776
365035262
95730117
902525063
181888127
529401619
155428989
65930978
833936454
968975556
224814006
671085677
489396940
963652353
59397839
608943904
279191304
375358834
575565064
938403799
357770316
431152243
950700192
122048231
845780068
943583772
600273791
927707621
740186773
976618406
605931739
488251242
75321849
111862450
776468400
977468436
993984837
957211996
920360973
813500813
493083911
303692041
96816055
381965195
909129433
642945510
766624097
699267230
78739694
869206914
889854229
400446385
161290725
868296218
861770042
147393866
600137403
239778353
567149056
924187987
372211648
398836609
64235213
780705262
308900581
101846791
700790813
830448716
661005461
376940358
137842175
160460330
986230830
415585218
525921886
116815765
517917199
792553967
124340633
107301401
454099304
906243092
481878338
623854658
604044664
960072933
265146009
559803275
541540641
84502569
252275151
951212514
909211732
367685401
478938529
21523250
762326765
458274443
107847801
230074142
316832349
107646201
740432361
436139474
578138365
588464436
880762188
20858701
554355734
219345228
163967331
681065846
569530020
383485041
737955685
959683472
252275151
963027917
107313571
432280777
952855465
88290963
680994755
289788069
806368066
705435226
11749052
215114067
547426761
49813887
848875822
961386775
22164239
687463596
408595599
76347739
466312290
20606389
106460790
125199757
489861125
584146723
630323806
859711818
922910698
943707579
865909273
621472003
399975350
464155415
15654741
169545860
565052121
516589274
699836297
180737333
374787309
71300078
210212823
879668555
736318150
149963958
215114067
465919947
677324948
2026764
615523125
47029773
858260569
335634387
178813573
685875810
851952119
631750725
123735218
576104049
137219344
238000736
596466697
723528265
583787226
114208514
107151706
393831478
6006932
752459631
592957441
623201707
75190050
979292055
29353938
737855176
121736058
182486555
196484300
685875810
896189928
711149336
845870785
602511920
112317220
212230723
917285240
145684145
830586080
302493022
79155542
221659271
128365143
762633274
228280020
702551542
59326948
805934606
409732012
421225239
376514423
671516535
438086873
51309207
252153005
809475159
904816015
193374954
272859885
548596232
657734046
620258050
66098879
425250608
210210074
49813887
808184881
56693528
579316734
126715209
494706867
437676940
464474515
42849710
757160710
160188698
127356517
626356776
417921694
453052712
115847913
861693641
608488055
711748167
204500242
894416410
929469741
307313707
256137561
875920992
542988620
757336678
42386527
182062957
979444276
898334745
87745066
145731581
604404427
154392883
165205766
354417882
793814770
269997761
241977806
891371990
565052121
145731581
891847488
571096076
96508085
122048231
254476792
429333495
84610514
524954849
84947610
911040292
252805211
239298184
249584722
958320638
993984837
640910132
134236434
417572382
170669141
800705075
43891783
92394308
262978471
77182559
986901875
472833233
747637096
35310572
146370261
65704280
668025251
639124091
225022182
965834330
868018162
81849209
372390938
229164505
383091745
991585716
564223799
338488965
65331664
736318150
245687484
163967331
687820203
16207187
180556820
210977537
567683223
974325300
820759203
619021236
991128625
369513249
425739995
291610036
428339176
803738236
126165372
814056759
912191528
883179563
798985363
944958854
707527391
954496026
213360495
197298030
695549067
116849946
892404795
664253347
289788069
850422603
990569005
558028797
17688643
642224026
593983384
314170216
146290622
764737625
33661026
881575856
335634387
49095455
371603820
624262881
578740837
5843491
726115474
630474141
238839563
869768410
5505570
384059069
508825375
326251455
919749637
744416453
513995098
993268693
36610678
978205008
650318984
283890259
250329487
384658064
926762001
798606284
128769551
828994627
555951539
566674076
404080243
512494022
101846791
460119778
141412107
84204021
281871991
76347739
859593186
208071196
376670507
311813464
878981363
500445083
816334033
145778742
66575751
839268557
770409587
387650513
127485535
152943601
153960134
29752410
436100842
836207461
545427899
612467690
101846791
665331605
350397626
23455906
927169083
138211287
100213003
781321713
819209378
516022122
723528265
228021285
709043253
724364670
786695929
572960804
21614527
52038663
288892849
125226034
830448716
777177505
777543322
173576865
642511889
335582517
20970475
315306164
854246107
580279536
900356301
43841598
655254025
50412670
990348050
734018400
697055853
940215000
79139461
114851572
11724065
796216965
828618233
486936247
398053893
752459631
495929278
23641201
378311084
236969137
105863379
64415920
853848917
853180933
621865630
190667489
740409097
318008462
848795842
874649338
491431837
990348050
981857860
773142864
101376054
450220568
383795938
829041332
627662192
314933010
721317950
773142864
913606480
57161646
2122510
254643731
805014311
529401619
51155806
891371990
134236434
392359727
236751827
925732687
56706781
672167099
409884494
694055137
435182342
446723338
444922645
79957416
514301479
778950166
20970475
197381219
891308195
948738207
945218995
801846126
678757568
415585218
14698528
846872332
40988856
22164239
602511920
215714766
83874794
416021319
596064280
678930764
41941995
679814620
762326765
618396153
297073484
237806214
386561618
179112569
630474141
214335618
40443247
442095177
125199757
140971321
2082058
218913184
125226034
297511067
415589544
687153612
848602663
20963449
79097462
777489406
854791643
209110223
954496026
71314576
598750544
823785235
554637861
659264567
581133203
180029607
101413678
208334346
586796803
221969128
123180182
928628134
681132084
736306124
448712831
68182632
610578838
794380470
327869447
92479624
404589501
387424308
531839499
505189712
286222075
659264567
662644505
125199757
983010749
815942575
244925886
909222177
476844735
323840239
987634936
526835791
399975350
934838930
351687053
166457478
314019497
861770042
178154278
1316313
809475159
138319388
123196726
376538462
364272906
606610243
163668025
237009853
752459631
590011675
120983975
40079064
366518329
35359236
653000461
794644016
167642472
335317503
831817425
493083911
956629892
882782740
354750060
602658089
764676460
259677758
67823778
928193994
438086873
65930978
61190508
242374479
35359236
214335618
505189712
69979073
260994537
412375583
633331025
957719288
19252071
931604939
451655745
667025067
20614831
470718980
679212213
890821003
938378592
529157139
267614303
407254351
507092290
417741773
554409945
980174200
195030481
969474054
11959913
472452521
745123406
694738798
365696216
995906932
535314230
369954215
247966121
771447929
310094158
246587890
11967373
112038571
949696069
184932848
738300303
975889773
957996228
149094363
284116663
91697786
771447929
143472146
737239561
502037894
576425767
881117554
550277486
587337623
21829472
47029773
104730483
653124568
954496026
414911508
915036534
87985123
330712503
716959810
330402707
351683424
494560632
297608167
179151417
370029207
17572896
509112312
89843158
269501013
834559776
314170216
107633484
110287241
63465245
220890765
11438040
630773329
243881504
853693767
459560678
149502401
589684642
797669089
127409924
450220568
643721360
710868070
59413784
697055853
193374954
680979215
877464065
106681433
337576503
932280623
72663494
999768130
53937825
80338334
513353483
7016093
853734842
382944984
726616888
879088423
612872373
736844514
956731759
529401619
841027330
9262289
65930978
441638573
592968776
460544464
323893599
373732549
242374479
133193029
55281329
23272998
678907957
711082203
256262852
550277486
728575896
57095514
273608134
337737288
648697870
610578838
376670507
710040224
404080243
491431837
54966891
108999701
791014622
106460790
360601863
80338334
838366734
3259339
687767068
743422445
394060598
549536944
186925582
466310549
749678406
657900497
591507979
492171327
960700088
904984159
19924607
100294159
34630457
460561382
874675501
625003825
20376231
940635129
147401746
857715606
847436573
728987998
709997305
243545520
211405019
108223916
314170216
555951539
990276526
99653198
461822458
856722471
945949990
431417746
112573565
17025425
31434186
291224106
985629805
138319388
780865466
875920992
965834330
404589501
953516289
688628336
526137422
304619249
186054649
910644746
737813551
998973057
377576525
844358186
376889681
42560626
594403275
702709292
962097708
187632312
614783163
280686841
55225396
144645478
93275051
276137779
881866544
26264069
103114365
624262881
235243135
95380215
839065831
881117554
876323394
524868846
916196695
640714768
643000505
394995746
833736
825153695
727602004
106460790
898335818
863130044
179531930
766624097
63617240
450686647
729815203
37379408
234602932
420026672
589405682
272861598
227781919
493134235
19509966
784943679
408693037
588464436
140410955
78484414
277713597
642511889
107847801
965223510
235978154
180618940
807751768
76582939
595668129
376068966
40443247
107847801
554793850
65131913
909129433
317159276
281339522
320016251
416691176
824368435
351687053
57929019
881434707
43327052
927707621
268707044
248891718
44626403
891308195
115847913
473604707
322642549
568266257
36855036
637120437
895082242
767317868
922263769
429039335
228280020
889363718
95602205
656432062
224987752
63631549
408999679
844210580
538917374
995935920
33513968
935349871
894270384
52410152
139714825
472817993
874675501
286814292
586578159
544096792
826144441
633743
59413784
865390302
56491931
126844187
62815473
709779500
960700088
193534254
19280960
952897543
493083911
473717637
56693528
671969297
450686647
442330615
453841245
666746175
484052570
178813573
815666510
874649338
4856348
618972293
749170193
761964631
23204374
426933489
231073980
106636843
337580137
370615235
354841863
826710546
768057057
399768767
381062573
388536227
99043004
785328897
52089984
510623799
51063559
448777111
764676460
373760840
844210580
29497915
318899234
982755300
115847913
450876512
667104287
314470473
443158677
204500242
920054591
999873399
865909273
462015637
291224106
102920463
46348556
60137008
164303259
676982680
442379556
59413784
328397445
789232905
516350222
59326948
353806310
804725672
945949990
841641469
373732549
621123368
17512475
206662369
665940159
282011548
309297142
992193632
420415797
382193016
122048231
715929660
443158677
889363718
431307620
57153719
34630457
622137608
370085625
703194586
642974809
564721694
189479316
223985864
451840199
501012280
781955045
449270106
500402338
786037821
502340148
447949571
211405019
911433312
706403263
1038626
20641847
742365746
928573208
161943074
221055572
720774050
692584381
659151964
28024424
917160508
897407249
656182649
963050649
780437020
874836097
734018400
146427294
320656982
974871206
692921213
21614527
247891162
141555310
694738798
781409810
126644458
120997248
40741286
489371259
272859885
707187293
11438040
326251455
920657020
679942075
264103451
24595938
667104287
350397626
333158449
501880959
529401619
24088573
86477014
723528265
701219850
103534474
276137779
463685773
274438842
238839563
701128426
977913356
21614527
518048363
144351243
228659302
64790478
697328147
201037319
737855176
280295037
301715376
119080934
982674589
517432023
117560309
683151080
88881594
260876812
543679877
807692070
114391386
171199251
669927703
510871246
554701489
612137891
874868504
604695672
884653316
279184268
703583096
189384957
51155806
273710456
965223510
951308182
72267451
295191139
43023806
99653198
107296532
376940358
209473903
977468436
917850087
679630653
801731918
512053343
374305826
484874780
731026822
376112552
348594037
332181586
42386527
640910132
598166761
477961978
564680377
854948773
659264567
177501350
366743828
394192479
659151964
891308195
674749138
174623533
912191528
382563264
610475598
736306124
749346764
452759201
856872431
805115927
982139424
17115671
645771229
872608588
186054649
663276179
127775813
45188169
210977537
192331039
940635129
875803094
281871991
101436317
321750055
196276745
249584722
963050649
82328828
850821637
3259339
812576531
730574511
127157468
754160304
603432701
136037051
91956770
201037319
804200565
987488823
130903508
693508334
376620253
49685623
95814685
249483400
447804352
958320638
974645431
611673375
632593864
94070427
271602435
998749101
923963250
148170996
383795938
613282565
75183982
746683318
642974809
818689414
734243520
904195129
542769223
526501983
473717637
689432254
390992412
903342694
120983975
451534600
608943904
137445513
183589099
142324308
186054649
640034726
69379211
495780022
266992673
705973245
541621688
85110821
481959074
935349871
470535255
157946832
260808884
271602435
679738922
413290265
402990247
468379077
21523250
172472255
634675157
338579883
155428989
215714766
586784650
829307844
209241
742773726
885627952
381956004
796458613
849471103
893543477
310733803
654069055
945463516
118972336
227111552
923540672
615523125
415589544
581010026
705868976
694437349
796183674
746794579
361152583
588464436
926637770
331456379
51155806
915589878
676874405
72163382
304919282
985629805
244228337
996661704
934738671
11638152
190783101
23855803
958320638
222559347
62411447
60540843
45379090
460209315
923861972
15199434
958320638
636469749
86105860
341705479
540644198
25758009
69979073
40236493
574887947
9262289
909211732
605443366
812086841
944618732
510871246
926634223
171035632
140223112
208334346
986376024
531153528
214897243
523826257
625003825
49164816
126411709
587538325
60540843
101436317
793843635
138319388
112834436
400328831
577824236
122810404
469430135
78943904
658159808
144414697
608697029
633910885
399679357
625118431
778534400
57161646
833028083
192943162
348697216
91339158
379184508
297511067
131925610
932410776
309721730
101846791
866310430
473717637
460544464
716489835
41299317
582640765
816592171
642511889
625003825
398053893
778330295
711457629
554168659
408999679
544792582
312604638
21888427
665868235
490607881
422028844
831405839
880302125
103362614
378138707
333291414
227921234
632367636
37379408
227111552
876888193
138552186
223071159
226727966
119299914
72834383
747443291
381468052
685195771
259923491
25186080
473018328
110287241
475343095
493083911
678660627
655421420
75768459
297511067
947737780
147304864
381468052
414382063
37379408
618473886
188586985
373126767
193497230
564086031
179151417
564223799
565518991
23232433
662331349
400446385
431453051
440159014
223071159
496506370
145684145
30499764
65911343
593077370
524229125
859982026
212230723
655645046
143472146
903742403
988058546
95488916
18024600
733456380
512494022
91392808
623563825
928193994
52038663
741890464
849471103
494560632
780932913
873876666
779877762
128365143
247136148
889363718
125199757
971877334
450220568
945949990
84772227
330402707
977468436
730220159
595339913
854294311
333291414
963050649
747244097
417234603
388374974
402243862
279191304
125701849
492595244
120997248
916196695
999811302
562963284
475343095
749346764
943707579
491431837
583787226
822373765
797480757
784450438
49813887
923861972
134236434
52572363
99653198
98758793
72834383
917009660
647933918
479251700
176945632
144939151
227111552
299247209
618035707
272890714
881866544
41122406
894416410
867921744
32037540
565052121
745207430
965834330
286222075
84313178
333158449
565052121
467352885
100294159
767290663
920260114
585773467
136975989
992193632
22164239
360601863
101436317
56214903
450220568
378401557
954582831
499237235
654140730
50192190
729905075
254117062
866363724
197845057
370467911
940785865
144645478
421117171
297511067
228280020
875920992
985629805
902057663
408999679
23641201
656139645
697055853
981469291
440444618
99788765
926722980
796183674
485663294
9583308
516757833
821815669
97437281
744893325
562592163
82701527
820759203
460735538
287928411
240090462
59326948
335634387
343458283
740944519
725547208
118292234
920349840
837960041
133045145
114416288
958435397
178154278
173628517
542650121
858260569
965446339
893794104
234602932
949696069
631432960
650267115
371603820
812572096
89159568
930351962
540234887
268141430
259333040
277556367
929159423
857314008
33323443
156897618
382969889
454778985
183589099
149094363
3259339
373732549
501353182
824762751
303236026
274438842
512034313
454396098
415589544
373732549
865825107
529401619
235985299
146741297
205622155
740432361
577893680
699267230
612872373
738300303
14978595
515333529
110287241
707527391
489178657
980994223
147165042
841641469
674749138
148311710
651881631
520800975
198961636
96816055
399487332
248008366
147165042
890328743
944810232
535899562
734939510
985328148
796183674
988058546
96296573
794797890
738300303
244555304
167066616
844358186
734632291
796198468
798606284
225592838
106681433
325435319
778534400
174623533
114416288
801731918
323840239
238960943
445218767
487745312
450809110
832832357
75699974
28278381
25612236
562592163
966347661
79139461
88388868
766624097
672729480
487745312
556634821
874637378
607926273
242374479
454514793
155113791
860135077
199736125
448149637
407064943
115209305
390190517
997692558
701219850
607081137
541093821
674329888
768145312
625118431
399912677
618367490
815718411
144414697
493083911
195747015
808019823
284664670
657884879
734018400
396466556
184932848
818812059
425897117
15199434
375754531
393000755
736367134
97443019
910945550
366518329
706403263
761018343
974406809
440444618
512648634
281614044
662644505
211405019
411857853
813012232
50515577
202806965
398986948
764956528
637605135
55717749
42619280
482500252
316391589
145778742
99953305
16952621
499435902
598990418
30512152
415239940
173576865
79139461
125219352
338050383
399322438
501012280
278824930
215714766
684224861
460119778
408999679
827341752
99724755
178813573
256421820
159128217
87239957
56461034
909211732
613472898
973061437
877969615
489861125
76759925
471404576
598166761
798476131
995557101
401492163
95177475
277340020
906243092
453818995
861041394
166917827
709169048
314835185
116849946
687118987
743422445
146605676
376940358
7016093
800705075
578138365
813012232
33661026
654206793
803858021
671258442
611083043
771153304
52169114
188728110
624262881
272861598
338093101
445792833
377264532
657900497
800705075
516762985
690194316
675878276
662068074
909211732
52410152
442095177
381579439
489861125
22164239
877644896
180629553
775927936
51724239
86477014
908842991
713770944
964577832
92394308
69633354
67436924
299050014
686931427
277047424
227021435
61155345
664776881
141150328
421621740
143068022
178154278
96290839
806256436
617394391
103109706
505189712
137620062
978594229
934842649
768383911
454514793
629098876
596870177
252904593
235243135
773142864
683151080
802348052
925732687
885314067
649392067
105004502
434756216
994179139
114416288
54829799
185840936
568547301
228541605
616065618
205226215
215114067
980743745
893334302
441057560
777170074
757160710
621810344
615523125
261315889
870792652
320203527
12263301
542484259
711457629
655254025
234602932
377328407
69620367
383485041
342578626
705973245
132460095
185080663
180629553
163579965
879668555
51155806
406810044
475321662
685321140
736367134
133193029
51155806
412018448
373857005
709043253
165059389
905922623
442330615
461111818
734886734
147483319
333158449
291444726
793843635
362793091
57161646
59397839
942521243
484835698
861770042
725986017
655508098
533661154
881117554
21677035
788028461
716188233
383485041
859593186
17572896
404590308
37379408
961898712
80999241
953066707
231073980
21614527
337118934
535174878
545806237
875175225
18686919
55225396
209777567
449449338
695393521
75190050
174235030
106460790
541621688
481086965
46346187
998317462
977332141
607615592
32037540
674749138
643445230
743467848
502340148
122023706
134236434
563681096
584460468
494560632
913283892
49127548
756607551
17853346
659151964
178386251
487840678
657900497
820759203
93656731
532185803
58359032
599852364
460119778
20113885
292934506
185972907
958753299
137697956
295191139
51198171
17025425
433931958
21985325
961781430
653589256
41037447
464923635
878461798
112104389
366518329
466644529
366518329
20997302
760926456
847388192
268707044
757160710
985629805
337118934
404367007
613281668
16858328
945949990
689025524
84333224
546503289
824368435
469430135
86379751
836556804
66098879
983809839
376620253
88200654
377328407
7100424
644108883
986819219
349362413
503518607
950830196
63631549
122048231
434756216
201324238
230241520
881587445
494706867
149963958
167709507
489823958
822029656
179112569
866310430
479121462
542650121
245529420
144648299
782292027
398986948
341954350
762326765
82417967
109271083
737239561
672659092
893543477
538129466
925763250
318899234
186054649
235243135
598777506
281614044
199567683
209473903
640405508
32168553
736135950
872896796
666746175
309297142
701130340
369841058
749221626
201037319
831965550
2365788
404803771
350664429
708784990
59641059
8349745
828137517
277456442
613286160
889363718
781823532
750365161
893543477
737813551
11724065
98906205
179461873
962291699
452949502
242872871
847727886
148311710
737955685
689576488
655254025
944618732
79403566
777489406
271337847
268707044
797563861
777543322
542650121
587283692
180629553
962611313
155176126
47029773
221233537
512053343
330402707
371603820
400636112
36591385
57436916
68700886
182493303
398881683
337386876
453824153
524752194
589573117
133889036
906243092
3697958
329599323
73905605
51047995
509112312
941274890
412733037
807297117
987876040
55225396
679548747
101268707
986819219
144645478
25141346
337118934
781823532
415693979
696385173
129397795
473151743
8949074
51309207
844358186
299184687
650406209
821216825
196262282
376940358
985834512
737239561
736318150
206085786
674749138
464155415
120983975
618473886
236006902
904195129
889363718
695393521
202232930
56693528
928464028
647589345
439229101
952353913
435882086
145684145
169449937
786116724
60540843
525317754
897407249
515929448
473151743
377576525
362793091
701359801
936290297
272859885
481283573
572882647
453052712
263836071
971870843
61242671
482365272
978776461
439188705
826845051
740130873
96296573
576222155
57723979
470535255
805093798
667032594
249578124
302332615
585083906
653000461
795286519
636680762
297511067
307160747
888418441
951414451
122291183
778493168
575847043
456738607
723528265
69980950
108282059
982292958
93656731
453841245
68561029
45226793
831573031
468323072
69620367
80338334
122048231
689948025
453841245
181483578
55225396
467667273
194504516
409573037
777170074
244228337
462072581
925732687
392359727
860135077
320774710
737813551
116819792
622137608
241036709
467352885
602658089
415585218
704171282
636330903
712323620
145684145
418966653
410365938
782217139
773123364
376221792
891270434
200529043
922252811
724364670
663462729
638320798
11455800
240090462
734261006
525921886
5494909
870200845
208334346
151429177
57658119
150733032
923153989
18024600
331486948
538822561
29701071
484391430
510671941
17853346
332103498
249765399
909219092
591665665
990569005
478446034
167709507
50358475
102430199
997361109
58421561
753168062
701219850
562528562
427143057
47647713
163225263
835840809
467467188
384328492
140223112
154392883
590499780
743717571
926722980
52038663
67436924
149211365
201324238
841311356
749677148
564338578
100213003
285715575
128542950
30300371
829366406
910290509
183313821
880430314
672167099
842693603
696254452
366537576
99760562
24088573
493864651
739003468
214335618
903936805
344339011
877645984
795286519
119080934
703970079
719827233
660471453
286222075
671471842
373732549
83108541
281339522
227430158
797625303
242374479
99671677
981152088
951329220
806969287
798606284
794090890
108280368
249479553
330346638
333291414
508700690
622137608
133193029
550277486
806488017
877728665
954496026
285771380
383485041
181888127
227111552
253853888
292068385
648032892
751939593
303673127
892421188
483904748
741776714
228874123
69547992
720649198
48837468
399768767
525921886
318473264
881713259
438015721
588321382
272478179
569530020
9583308
539188062
276026004
580279536
12915759
76869123
588464436
767147874
904195129
964577832
252904593
674415117
571290833
453841245
863482117
509119078
773144953
743422445
119287817
467569302
856325160
69620367
698686016
252805211
847436573
736367134
378749381
958593448
116849946
535455686
38169071
704778094
798124887
495097941
60597773
131674542
259677758
541276308
323840239
442985112
820913199
971870843
940635129
860230534
890821003
756898239
247966121
690597023
743534117
125407199
950889274
99788765
201824736
746694441
919749637
554409945
823785235
407216597
306612268
75190050
847727886
861693641
733045483
589806848
710040224
338092734
184344750
509119078
914138836
384291665
99653198
716426214
977468436
947204281
997144503
437498344
640306716
589670444
843842488
29950216
878323612
99653198
307160747
987530068
990348050
373007693
442330615
657734046
333643359
583787226
875300514
236599393
501544444
105516299
521486676
327209157
129522240
637120437
345329561
708647256
430903963
209853037
29939354
857314008
499341635
522420133
608778965
643000505
243693372
770254729
919749637
232128316
822373765
140767161
34864071
35359236
323696134
659151964
669782404
400446385
291444726
798606284
203619121
85548284
643000505
551994968
998749101
279184268
275929147
881866544
336991301
82044796
389214774
338090470
126448520
583919081
181888127
15199434
148553983
737148378
526519124
340815954
636653676
278887076
885896414
65862716
384692792
902057663
131925610
757191640
730574511
331059268
214897243
31935682
188663263
675862331
233044290
16662222
857314008
19858129
636357443
241036709
723488735
33661026
335634387
373732549
6542682
82396519
626356776
911916321
227430158
212448006
917644539
392191636
509112312
563681096
401492163
78074676
948545235
881575856
272861598
913743419
244228337
505189712
484052570
21677035
881275675
724364670
928849638
638023642
378311084
749346764
182493303
377576525
524954849
286719707
421117171
547942448
953066707
890384418
757403378
21840726
398053893
299010068
150592011
516350222
775304376
159128217
453052712
625003825
766624097
683739396
429181585
95615853
562963284
83660400
225559404
35359236
91339158
299247209
627888938
423511863
256262852
144342429
101846791
17512475
266928357
245362969
179461873
464776650
77012372
137896678
496629664
110287241
94484870
573084643
598777506
954496026
180629553
141318395
722635866
701912462
275159635
279191304
694439562
144807707
305463375
122450953
869547162
610533434
83234758
475343095
934144065
559009220
145356617
600846215
176346330
719997170
104814126
461121404
34630457
20332904
230283913
625003825
167709507
672458046
125219352
737855176
778534400
777998141
906243092
781836716
17033126
372461522
772418556
413759450
189464382
131925610
596870177
619920499
419874239
145731581
91944629
378049697
881587445
299010068
242374479
109536774
293516304
469388855
524374212
997426707
799346571
561122952
227111552
18024600
209496520
575623638
651829118
59820831
945979145
772967628
95066827
991128625
435025782
782217139
986107370
957593644
55225396
159066467
847727886
17025425
392359727
927887456
71253499
817037171
217973258
419271832
495588986
134557719
475343095
643000505
439876883
171471773
133960191
381797391
182493303
333291414
82417967
536437938
909489814
570834813
442797852
865578943
356013794
109536774
344010713
348433695
630474141
71707018
832252814
580279536
397980317
703970079
342578626
507496398
687463596
580279536
599415995
183589099
211405019
408783217
314170216
257659950
685875810
622137608
47029773
963836550
382563264
571281248
632367636
599509835
183589099
572125326
158247712
273735319
101860108
865938655
126863659
608943904
129131572
609266365
550531104
674007615
186770996
495996335
56491931
902580920
520466126
307552041
110287241
632915114
254665210
165205766
32037540
748075921
926637770
736367134
737239561
948240573
167709507
512053343
11122105
144414697
323611069
200036953
487559624
975514190
572682857
666658433
6542682
526390254
551074592
714737945
183313821
520800975
307160747
695393521
286222075
658893339
3594674
788979510
400446385
273978408
476844735
467467188
443158677
230986575
435025782
188682699
6493117
177565005
861693641
844689856
366982597
63276931
415585218
910945550
145731581
627624143
53648036
569549096
495929278
751353137
99959508
382563264
990569005
559877569
591507979
433207072
911040292
527928766
348046452
316391589
840506041
778330295
99788765
68853241
533447193
326672588
828618233
489908497
949671507
575270760
225154447
607985987
107819377
315599364
472817993
979578927
700790813
913105729
65930978
139802315
372868761
674749138
849471103
958753299
911040292
469709480
765149444
986161408
571041068
126715209
745659763
111975748
944618732
858432263
593961585
400081210
209254613
293516304
536437938
919854381
840576177
982889756
599415995
650366414
183589099
652810461
99295418
259677758
276106305
806969287
128590192
501075015
10887202
669560020
434756216
718327694
911055077
880554296
527738164
328533047
210977537
4856348
214335618
927887456
186994211
559791718
939894988
93656731
774594123
458274443
740608311
46346187
58430930
201795479
496629664
851952119
376940358
120396306
469430135
654937901
832052968
345535021
468705168
337105710
32037540
317159276
489861125
750427478
155083355
471568798
201037319
254041359
330443656
737813551
177118229
795286519
434756216
180629553
654140730
438755396
95177475
822373765
542650121
746773188
6865040
778493168
24595938
478309758
228659302
4581816
539900818
276137779
823785235
69620367
183589099
311258413
136595110
891515729
956561704
114556835
940635129
813520944
651829118
55309200
891371990
475191198
732290391
167502842
939856416
734018400
689025524
927887456
649944178
225244014
332103498
928229864
711457629
464333545
53339909
486648309
209494850
865557266
828137517
90357691
156558439
150733032
489099335
525902317
449270106
732290391
123532696
772065468
641526142
863636524
874836097
220827889
408734030
408464447
983010749
98222204
653000461
707187293
667184583
377328407
489861125
705435226
160654995
702064863
9262289
270276959
472591372
195118825
861936208
44298339
91339158
554409945
670018367
366426938
96022790
868152682
381797391
482500252
94059673
487497649
246224644
586578159
142450776
526247139
243532711
745448703
689576488
623854658
751939593
30300371
651829118
110657551
143280001
357285404
450809110
788859397
408056084
184932848
443158677
101436317
776929249
393000755
342578626
348037234
349466679
188663263
655645046
839268557
725957893
796130455
589297
617707529
924832416
270279057
633156047
293505033
642974809
381468052
900698195
11661767
489178657
154392883
164943443
990355186
979444276
46346187
710560986
559691034
744460929
903936805
461395629
710493318
143053797
638320798
144235187
917644539
615892413
721945205
778573119
63631549
745047648
207218654
849471103
114060864
638573490
529157139
453869631
955847030
395748627
537548175
608294692
13329230
554793850
43023806
535268625
768398447
655645046
174483111
738300303
593082585
17853346
233131505
34723084
114672039
21677035
176399464
545427899
116178592
35310572
800101744
553705885
80999241
893281828
16886109
167364803
405151404
376670507
541709365
703194586
573061490
958320638
238790741
343251242
289493531
651829118
300700562
320204062
382958543
242374479
151848979
729611417
235043265
235539428
850958119
910695394
790218596
781955045
167765572
351687053
299247209
323239577
869206914
393000755
835222417
795142245
91339158
510623799
554085063
320895007
834695728
172298738
713646110
322626858
963374425
527219781
509112312
708449891
608943904
912191528
337626014
849091601
946134400
7986257
226702780
773142864
642511889
404080243
76347739
539347343
75190050
128365143
80239848
470704414
520800975
4856348
65303155
11724065
183193519
803736027
869206914
131572921
520800975
155113791
745220440
122048231
737955685
533447193
494560632
390809131
645977736
299010068
881575856
997567664
550277486
525583832
729586421
819197449
649679341
119080934
186643040
541621688
74594862
53871383
49813887
839268557
156253191
109536774
481959074
21888427
496506370
134236434
37379408
782819000
339994351
726115474
445792833
911204743
257372350
880430314
865909273
495097941
746341431
258160041
1344895
666296929
529401619
295488238
537460470
17572896
441057560
126970784
161851803
998309680
616705497
669927703
670135662
805435387
280039794
701219850
560833516
655733847
821815669
865909273
484962541
212230723
192988797
304178289
291224106
655645046
434160456
291444726
199076967
699267230
316391589
100688014
414424619
484052570
469597997
628739461
525022362
965223510
595094392
180618940
17736288
281614044
636098623
13019224
63631549
171752529
554555004
175705152
51784944
711748167
731587193
893543477
37059962
255948868
743422445
891442539
308634671
94504563
172679187
751002899
167242421
395441473
760446877
323309872
824368435
316635437
598166761
435025782
246454336
349598410
317954594
643457329
51047995
564824607
800101744
916196695
695916426
59047458
848200700
764676460
869977139
683739396
751943093
101860108
225894389
394540807
195069006
28003493
789189918
613281668
33315400
575563835
30990731
594799651
480330958
242374479
610578838
744540400
750813749
33877419
821216825
861770042
770409587
238146196
169811280
777296169
394768751
618214078
198114291
332545964
52038663
688988391
424133229
334510228
907978021
653000461
86514923
462035180
688628336
457660760
110735099
690597023
478268967
836207461
489861125
879668555
533987297
510722618
195154429
675205646
711457629
69128567
424191998
798606284
357426841
92242738
285631880
235243135
922792493
974814442
577804084
381062573
56491931
364206994
148461278
4576744
564338578
965216999
966820713
42027978
736135950
625933383
330618444
42386527
813982221
205186673
312724446
811917165
632367636
136611871
242560095
211405019
878323612
937477542
953655604
33975074
522506332
479615390
473553446
620802924
921262827
857109243
370467911
107151706
331456379
10074729
91339158
852272833
46598211
615523125
586578159
411218309
64400422
14698528
187580920
686429273
686931427
439284992
21226803
470675999
383795938
576249254
737855176
326251455
591999184
357112346
536322852
773563288
551041590
104762512
509489744
99295418
657734046
92384616
836263852
571845319
853180933
63465245
275024051
451985726
33877419
392191636
853734842
858101402
607926273
23641201
663567220
779490596
828618233
960608339
918576067
29863259
662068074
373007693
643988377
945949990
5920357
525213834
178154278
820057661
687153612
333694802
577629357
963458621
335634387
369954215
711134271
487745312
779463698
395680772
926722980
332103498
706403263
978237331
57720330
777489406
460544464
196484300
33877419
796687031
708567681
792506369
26516758
76298939
15199434
502379819
617087
449020641
790958278
362172446
169309013
391056581
176399464
943714226
176399464
33877419
923861972
193374954
376205081
245942538
931005432
672167099
522420133
66491686
512053343
337752815
615892413
382563264
488240225
127926572
801392945
651341398
76298939
672167099
26930477
737571419
853848917
5257573
15113382
6542682
839378754
794090890
5000660
562512739
993984837
651558458
471132190
460544464
5920357
146492079
853848917
657900497
781089186
209496520
699522630
299247209
973304302
826845051
577836636
259230965
304220148
18024600
369954215
778950166
917533485
682318043
898253128
293500407
184932848
172887547
338037581
29199632
652812766
962115149
767147874
173576865
616055067
761239445
339581261
970968214
644203709
63465245
392191636
527081848
370085625
323840239
355088284
491530561
407011606
391626478
587337623
840506041
490454859
180737333
201795479
353604920
65930978
21407914
512053343
210977537
178813573
328675429
337118934
297511067
123196726
204500242
593651319
458274443
628709466
815957852
689388291
485549354
330402707
29939354
429039335
901136748
778493168
778330295
969094010
258595349
118461348
120983975
912196595
344477021
966384846
570821753
284010694
788666114
471110389
822182809
257562290
959170480
898805607
114672039
470704414
27524098
68182632
870792652
181289426
540741503
528963676
348139131
432131187
342578626
949696069
60137008
361162761
23641201
638320798
236465776
752459631
99148466
578772614
400899764
792458014
684507728
266907122
962700357
379531996
10671998
224970961
589405682
971102963
974321396
930827282
565035312
456904114
116815765
491431837
828137517
26895956
242374479
375358834
83343344
745670088
689576488
986576210
793843635
485663294
844564060
472552990
68649561
442362475
503503742
876227157
637616504
145684145
752421001
280039794
473604707
813009610
366518329
275174161
535051238
189384957
29036179
65930978
400518582
211115217
749378205
495588986
34235653
2076453
853734842
469613611
882128039
556846141
76869123
67184770
824233863
880430314
118657495
377914177
15199434
11569835
626356776
878461798
814679740
643613562
733045483
623854658
668571369
505189712
251877339
388536227
343272003
199042223
226850589
43246672
61242671
577804308
736367134
187225762
216681499
21677035
337576503
786116724
104882788
860003423
94484870
638340647
583787226
337576491
550750388
589405682
274159555
29939354
658023005
30014897
280791218
109031440
533447193
853180933
469613611
96381812
890821003
299247209
931428251
617057265
408464447
224217817
648726578
607670862
827252381
869547162
744664306
836679259
843537595
160460330
773490277
820913199
451534600
413363808
429039335
756276712
909533895
95602205
968873679
3794511
511117935
88570276
63703234
480685926
49685623
52945960
140223112
373007693
373732549
377648078
812843491
140089280
642974809
630713007
118040504
524311991
13483002
207696639
847582297
135210693
562264524
965834330
443158677
612467690
711748167
332103498
912191528
150733032
206662369
493450407
88881594
289011068
395570411
479658714
105195994
543182396
299704141
472817993
59554761
222042454
140611707
795170334
903742403
435354087
848539809
88200654
820759203
151864128
184932848
622930396
86011402
552581503
637693640
613281668
557738111
197862601
522420133
179138905
882128998
918727225
17025425
110047057
617057265
411622158
795286519
52945960
35310572
628220923
410960500
471404576
36051449
95380215
839946662
20997302
513353483
439273555
142305709
190746509
142637747
505228883
268707044
566844390
105111972
485367873
959233602
851952119
307160747
147165042
51903587
562592163
764799985
189204620
75190050
464155415
280039794
105338821
937444920
740432361
662068074
242374479
870499134
195118825
642715598
717999434
631064165
993984837
144645478
603043257
87947430
701130340
686043303
848765450
15854673
123435754
32790545
42386527
65899931
792506369
707187293
466618676
338579883
857968906
33661026
686931427
351867121
965834330
68182632
599415995
946134400
662644505
351687053
909211732
754513946
93033900
107151706
414826339
14980325
797625303
684224861
782292027
466746407
644108883
37770558
314933010
98554779
43891783
99362939
265747287
971440788
969474054
316391589
68182632
208489605
212230723
647963212
533997193
955413509
541621688
100294159
70253177
879668555
55225396
15707827
909211732
971180164
14698528
267173821
195790923
797625303
398053893
963027917
902667882
615523125
888827079
381468052
562963284
131925610
694738798
25939023
239795221
326286789
15926220
585814702
266457106
706420821
571224841
750348034
751002899
68726448
370803510
848042164
683739396
324016767
5920357
17572896
381468052
879405072
131925610
927707621
873709600
225592838
554793850
747623099
953066707
155113791
870792652
753814425
767147874
983010749
92394308
687767068
861770042
96290839
210133412
223071159
436373694
554409945
404080243
512536559
924122578
946134400
61242671
780906208
489178657
297511067
91870759
351285025
473018328
640910132
818320864
535899562
42386527
29876996
624262881
167502842
364814
196809109
253853888
317984090
25416917
863917194
444922645
599297539
16387204
826325274
807807631
184539489
649243259
512503150
320016251
992193632
439039943
34206497
794017698
553786658
660649529
732351393
33513968
983010749
643000505
95602205
271602435
442095177
182062957
96937532
701219850
692921213
99295418
869206914
950580997
65862716
167709507
332103498
686931427
959888318
19585289
272861598
792506369
376670507
180104175
507187588
56528401
872339119
717999434
294897596
79956592
3794511
89748373
913779352
984884714
536778867
90870708
26264069
820785801
283706315
59397839
591983396
65916955
687463596
181888127
458274443
944618732
107548822
864590055
59047458
9262289
17607010
340449988
204569620
599415995
339092858
723488735
115209305
295191139
967533375
978776461
565052121
14708260
838941814
839946662
40463722
985629805
99788765
17166446
210212823
914556683
869547162
134398901
486327488
279184268
464155415
168232739
550050020
541303696
99295418
281339522
462236299
857314008
695849803
901136748
442095177
337118934
511620626
65925027
239778353
793843635
975889773
813012232
204110587
929454368
606610243
925732687
702023575
307160747
658893339
436666713
837154123
990355186
370698821
108969627
964577832
926637770
187580920
252275151
540740962
842752487
884489718
896990664
235622347
925763250
85528344
180124866
916794368
449347757
253522009
973611503
525220947
180618940
400446385
499435902
481959074
828618233
924888450
286719707
408999679
238146196
120588290
613281668
822373765
193497230
442330615
777170074
535957803
334798990
638685942
338245618
136751132
939808358
34723084
56061351
781955045
126715209
272861598
698751768
372189868
805404066
466347170
160546046
4116669
76869123
212230723
767147874
911011736
807522910
558852451
35370433
172298738
309721730
822014794
78739694
106460790
453199325
591507979
908669518
711748167
240196987
193497230
400910122
513353483
763443866
618403239
667104287
48371135
529401619
777543322
455804875
902057663
439542772
861693641
489908497
335317503
184932848
19660846
235000723
890272808
49685623
228280020
431827482
701130340
896829821
970726916
993984837
537205941
312604638
150733032
29939354
330402707
530821870
280295037
433762002
572882647
82419138
350067689
801988824
396703243
332773406
841258873
912427466
512038637
475191198
547815074
995935920
72834383
645408650
411813920
417151487
141281196
299247209
400446385
289691614
703970079
133960191
72966659
568078040
731290064
304441826
703832983
169450705
383795938
56632109
840878027
180019092
101846791
730464340
24595938
180629553
101829648
809258847
743068219
165205766
521740520
264604471
947368131
80338334
377576525
689956241
80338334
898491172
824886267
112038571
645771229
747443291
52509028
405128795
556172395
43958758
325561917
15199434
693857924
8061155
29036179
580757459
61565472
366786255
383485041
52769534
254335097
409884494
454280492
259677758
272478179
103594008
664195288
288142940
140842104
128543622
180618940
591682085
773529438
276137779
867921744
598166761
201324238
237763328
929064353
506537762
381062573
107151706
420041775
663774469
995456513
314933010
279184268
368230398
807255551
118674911
643000505
17072400
256262852
30014897
445939183
189715935
634205241
59047458
23641201
56491931
293505033
640306716
496506370
268707044
64532150
897407249
122641176
623572646
350957216
662644505
637120437
226569979
687463596
774462344
615892413
64384000
45643518
228021285
109536774
864039427
721056685
136585547
358218255
163967331
554133504
112676216
939106453
984884714
49813887
808401265
325082797
337354967
98134880
144794926
733402987
578281878
615892413
248774662
419154879
519649511
281339522
70384135
60540843
34630457
518726821
83911848
976167648
29036179
133211210
181888127
227239669
596561172
535451153
346683730
626356776
167869558
777543322
304441826
325717303
852963173
594150601
773144953
286719707
501880959
113566320
40810504
778493168
103582896
395254076
18353851
361386023
57550419
535899562
496629664
963027917
987060738
23281343
312604638
649191055
449270106
510623799
450316822
557909104
272031252
874649338
988058546
441057560
66790861
3598846
29939354
818172517
106681433
309297142
145778742
807326747
376620253
56693528
734886734
938884982
857200695
921556544
131925610
800101744
495588986
108999701
560631194
175948642
163668025
450686647
642777444
969474054
473604707
759294278
475968925
861443914
681525999
592432993
522973089
23376393
608943904
904195129
17025425
237830672
613281668
163967331
226125270
594799651
66098879
767147874
786373521
75298759
828089841
273472541
702290929
13059484
697055853
858703727
853848917
41972357
297508797
226125270
214750934
341303086
458772264
504954467
440437644
525297518
771922216
642945510
489908497
393216116
668594776
672854117
97780175
997876893
400910122
302383810
379291886
630474141
512053343
100585066
89748373
646742540
701219850
701219850
286719707
261547201
681962477
675866147
716426214
771078541
733045483
204500242
531922731
618257714
773144953
61935049
600459335
99295418
541798502
606670571
826845051
606670571
598166761
516459084
647409681
860135077
310588549
87241593
973870208
508884775
394373643
692866996
327605342
393656793
527234275
781223555
703970079
9460028
378311084
966384846
217761486
914168038
136823675
522420133
421117171
179461873
174856986
174901031
95315890
357378711
433976234
761767822
402838692
376940358
84915951
100181606
311882358
75190050
373007693
776929249
388536227
82124325
2474716
535455686
695717318
96310411
657106111
400328831
847727886
428851231
450034565
762326765
23281343
2908729
654140730
929064353
466919961
890821003
839623677
299050014
98599721
757622014
830753818
281871991
485027526
610578838
241036709
665346825
644904566
975889773
874675501
558028797
615892413
173576865
753934166
174623533
837639018
598166761
397811802
183598961
669927703
796183674
163967331
291898195
52169114
466327538
890642904
557093267
79322695
256473432
762326765
540693160
5421846
691073284
777170074
761759327
495588986
79702068
781836716
441514020
344596220
862638886
280844011
613465532
700790813
360601863
8840685
351882361
143447573
712128331
148311710
8154942
52945960
927887456
41972357
330402707
497907350
288019351
971870843
294897596
839859017
248774662
966384846
240492154
891641526
244228337
355240015
824368435
834941111
749346764
572882647
338857743
839946662
20970475
289788069
778615456
674209839
416021319
621123368
781836716
669927703
777543322
861546628
720782074
339834855
254706988
700790813
768972334
376940358
51001482
780705262
273786986
210530340
365303366
218889723
462015637
304441826
640306716
174623533
469388855
57818328
343978800
890821003
4856348
292596675
595184172
45379090
646583241
43885842
695154381
437498344
688249757
499960805
546005870
245879664
314170216
293505033
799053448
775790523
34630457
618473886
862635616
727094209
673535123
45379090
358231256
662068074
723528265
101009999
63261909
420041775
61242671
152066504
792506369
749857596
978776461
393105768
801752041
404589501
216556619
732471129
443489416
688628336
581247942
240453627
906243092
138749726
104952331
238521776
815085138
446498778
184932848
792506369
879088423
711457629
518726821
875920992
45308872
641322332
69620367
192319816
294897596
734018400
323452005
230663589
471930128
833421625
26264069
137365961
621534973
660438873
354417882
54733711
537548175
284380446
984017591
125858620
145684145
123196726
804200565
984017591
489908497
999919583
588464436
801190835
237500254
743068219
392251013
101860108
866310430
906220957
874675501
830374411
865909273
541122671
147165042
161790571
95177475
782292027
756184093
515168830
179150740
100564360
779560054
872117504
958752597
396973625
130025467
241546138
145778742
757945271
257035083
49083979
266067691
254187174
400328831
441057560
874649338
958753299
659264567
82522182
916543704
590144404
177515609
473018328
610578838
606670571
702943166
523294808
59846400
496629664
958593448
620032176
729160268
47029773
43891783
801392945
726442993
796183674
563681096
315402674
926637770
828618233
310777451
847436573
234602932
252805211
439876883
49210924
917644539
622137608
197340586
351687053
650366414
142909899
881587445
598777506
650355790
977468436
861770042
69979073
526538126
43023806
29036179
148311710
338579883
839268557
454514793
295191139
41941995
6878286
800101744
202646226
91927254
574998376
422468107
373007693
131921598
984884714
984017591
990355186
655381938
80338334
163967331
736135950
761018343
683739396
919854381
273978408
35508084
657830797
501012280
8375093
647852184
797625303
979444276
248999266
735815625
279191304
906243092
525921886
529157139
761018343
335285613
829838961
959170480
429333495
473604707
755478595
194926041
377576525
861840841
912191528
34630457
766603952
907978021
655645046
249789650
355892492
238146196
892668022
881866544
370467911
591847297
567989586
836207461
730574511
622137608
691721306
163579965
390390623
836207461
787472354
928193994
234729463
479491488
227781919
283295861
594021916
123609889
928193994
700790813
299050014
350372969
184442894
87674929
33607822
891616929
952009160
585032829
495097941
223071159
761018343
234602932
323490980
144414697
936294694
45379090
719876967
481959074
911055077
140842104
669927703
182828065
791017760
529157139
57161646
885627952
932410776
701507504
899364595
277456442
537548175
618367490
32974954
747443291
293516304
224692167
303410142
119080934
304903746
335634387
990569005
644108883
