777339963
984884714
31562806
499435902
61406153
767480867
911471509
719465314
401492163
234766872
49813887
72398406
793843635
67184770
478446034
92505855
421147572
747494968
526496136
880668679
655254025
76298939
801917288
114556835
80865408
655254025
919854381
971870843
781873715
201037319
117145256
65029526
100294159
887591076
92394308
745139045
971870843
620008395
494560632
945629689
440712637
612113494
310753922
602901782
41972357
318899234
53278350
673426489
667104287
379291886
349193674
381062573
6542682
709043253
679822616
868303052
844210580
904195129
238160186
323840239
292587600
647927514
965216999
144960895
66098879
932410776
492394452
176064196
317860124
892643747
271602435
600846215
25141346
400446385
180737333
674007615
46598211
967562897
732290391
59397839
766624097
184609422
145731581
517475225
379291886
655645046
335008021
696807647
88570276
853180933
425285905
757160710
820759203
734018400
96155070
166189404
965216999
558021609
625118431
54195949
265069683
818638392
457391591
195802178
510623799
326251455
985951907
51426435
782538964
990569005
350397626
66625126
586578159
881575856
697055853
675878276
793843635
981330518
680547713
911040292
927887456
879854878
957480177
470535255
639494206
375358834
89159568
611795952
99197448
178959371
59326948
628416660
928193994
371603820
273219186
128224951
796772908
64062813
910945550
939153175
617610720
707806073
183589099
781518452
988586343
93656731
762943434
822373765
578908637
125226034
280621309
659151964
845290836
726115474
149094363
451985726
511993459
818143653
404589501
700059602
402339246
30372062
527116519
998585684
974621188
935624584
371603820
424196817
39771101
72668101
392450939
474724463
769096088
798735575
987815605
101376054
633955555
687568016
619930256
128365143
5420637
442603434
46133804
713011786
416002703
740432361
613664137
559791718
948124694
312604638
509112312
689025524
88513683
3794511
30300371
11438040
149963958
194877965
248992139
710560986
203002533
46118124
703832983
721489773
368638447
273786986
376620253
25020198
712323620
721761974
144414697
469976215
24595938
314933010
654140730
314933010
342578626
994967244
213307945
522631240
895082242
742041521
801392945
137786105
146473451
447290891
587220101
612872373
435025782
975889773
367651760
912750730
40220013
122011306
12838869
887568974
23641201
378311084
726174886
11056551
65930978
537291729
535899562
816334033
172298738
800705075
57161646
321458607
147165042
340995036
57161646
163967331
516359453
253835535
86105860
211953521
486159757
914147846
821216825
990355186
991128625
813009610
712334903
726174886
408783217
829041332
964577832
100980134
640910132
69979073
320991376
611806521
665254741
676982216
21888427
408464447
284775817
922496915
210212823
129384590
370467911
414023953
645977736
293516304
557010746
125199757
966479005
25268767
140611707
126774408
274438842
125786835
24595938
32005105
10557776
179253509
469388855
831282797
82328828
86477014
99232563
9262289
238000736
271602435
230958639
150733032
881575856
442330615
920054591
145684145
920054591
314933010
980174200
191362938
890821003
954496026
640306716
990569005
510871246
904247055
791149579
959170480
68700886
12328660
4825127
383795938
710694080
734991100
116860748
252447580
21614527
721821336
94681636
702285282
691884963
564086031
226727966
412733037
912191528
524945353
375513106
49813887
442330615
56989364
752926144
471443935
33513968
275159635
670018367
392191636
467794727
515309449
881575856
86880071
440444618
177501350
707387505
409884494
101860108
622137608
667051165
629541256
203164150
378200081
450220568
830448716
875803094
84833331
41565440
481959074
230844784
268707044
3794511
126232360
29497915
901136748
36231133
215714766
728940658
778493168
191454809
351687053
174576767
798731488
387121571
193387057
665940159
938852983
618473886
695755062
580279536
121609328
707187293
881866544
514636530
891371990
805062198
501880959
478726393
994542577
945218995
417237050
89265708
735415967
65862716
724777035
632367636
489178657
828109040
236074137
398053893
396753531
610885146
348594037
869206914
674007615
604524119
539837475
771192554
404080243
622137608
11438040
771970986
125226034
52599616
200118460
963652353
530833226
370749958
263649940
94925989
314170216
773490277
811314287
719169475
397475812
141159512
681099227
909129433
497513356
450809110
877037356
659151964
163297021
694519522
376940358
36544226
37379408
208382622
772434864
609941869
4856348
512053343
612992962
919979444
183592127
963215583
351687053
359903643
469388855
72834383
569530020
821369418
707291730
49685623
568712960
927887456
770409587
641316688
692189206
665940159
351867121
560480598
103644441
567617666
249789650
263836071
468685710
493562926
453841245
489861125
227430158
109187978
22164239
330402707
427437909
955072001
155750100
134194342
893281828
475343095
38636859
110442606
736306124
378049697
998987342
576484992
980174200
26073921
515929448
726513994
51358302
665263108
654140730
125219352
576653765
657900497
400328831
497376585
107151706
976443978
93656731
61242671
146656409
65862716
853939769
207617226
703970079
137057692
467352885
928179520
868439546
32396169
622752852
642511889
538129466
320152487
9448193
878461798
128365143
885627952
209496520
758086696
989494855
946134400
591629714
648926059
723974325
998749101
588229272
33422260
76609971
252904593
174623533
294763575
94925989
206150902
465919947
675164700
483194076
726115474
138319388
318899234
103234249
6878286
943707579
638320798
349771866
145183898
411813920
654069055
381797391
557891815
764676460
657031054
99788765
773030109
473717637
125326616
475191198
89159568
927707621
595485547
359571614
223445076
129568216
955592666
154714564
618367490
723427878
949696069
118461348
337576503
708699653
891308195
508949731
944392317
55840068
656472016
966384846
165774914
175283573
652068216
618780834
175988629
757577267
515929448
654051799
696329318
986819219
205186673
506750051
796130455
220178745
309298386
108471489
21523250
575649361
217999246
332103498
982874262
939106453
400328831
391177073
123735218
685875810
799912554
60540843
856256020
84205120
707527391
401492163
550277486
309297142
677150813
413717127
150733032
840506041
695641047
189384957
62836570
783193459
314933010
941581412
235243135
69446615
65930978
441057560
598777506
337267210
730819118
364699877
165205766
581761751
64384000
978776461
935089440
30300371
717458678
268707044
408464447
711457629
242374479
635583386
176399464
568050980
621302149
617846451
101860108
739890248
141320567
893979192
133193029
366982597
907978021
906243092
143472146
18085322
149963958
737813551
86011402
379291886
658893339
272478179
86105860
98895280
123196726
490470719
797625303
369954215
925763250
19905971
896249180
937820735
852207104
64667365
772212500
482500252
948177994
683739396
335634387
659151964
433207072
292972420
239795221
143472146
845861191
222673980
599415995
935349871
794380470
434756216
963050649
214897243
717458678
412000421
224286810
857339387
204204645
610578838
489908497
985629805
867921744
920334239
242374479
99653198
204500242
660590565
839946662
891605250
808004919
452052643
813012232
622032862
293516304
658624988
280838052
250333057
782263923
513353483
658893339
752550364
122518350
470535255
865909273
487696103
180083996
23641201
878461798
512685265
510871246
133885889
176346330
34748888
684160562
884910974
510623799
338550526
886998704
659264567
266971891
921132960
227781919
19858129
178810514
473717637
138379183
16265002
305820232
542273072
660664767
370723599
9257333
116617822
602028626
145326474
642945510
154837606
180629553
911055077
819207066
703970079
63063208
903742403
749346764
670018367
345525070
131925610
536155081
375160697
335634387
381468052
412733037
119080934
675878276
939106453
377750288
470905541
30300371
564086031
732290391
901781696
101860108
388410213
482500252
317159276
339121493
399243840
979444276
242182461
969474054
891371990
526390254
307552041
654069055
930231134
349390450
193534254
564513618
122245318
439876883
533723297
703194586
811124534
847436573
116849946
781836716
653000461
963350540
955854607
470704414
349771866
737955685
259677758
556437633
738300303
932855246
88200654
284690664
213089121
485544603
180737333
229543876
22884777
925548227
816625205
251858463
606670571
17381963
144796974
749455173
626901432
776468400
534711757
820913199
867200839
767339787
92394308
196484300
114556835
550873589
662068074
851952119
251308635
289788069
705868976
606670571
63319908
78074676
891308195
155428989
342606316
987839962
526305145
109520609
271602435
15010929
720384539
342954978
231288457
541279703
794090890
640697989
874675501
154392883
396007767
325192063
630474141
973257644
429186360
114991695
578384724
173576865
964118965
107444035
659873452
118562087
180618940
149963958
362180045
555951539
453841245
859208557
86098948
516724441
588464436
990509898
965223510
195214318
472502605
640621561
421117171
113021697
737239561
512969452
298035787
877037356
61775424
489908497
94885932
686931427
984884714
707806073
826845051
469388855
712323620
137496609
442095177
492589960
714585811
826295528
919574072
121399424
688628336
69979073
226727966
911040292
286719707
147373198
684224861
334209732
707527391
86964683
78344376
279191304
88657808
906243092
796130455
828752821
262022469
30300371
307160747
435509230
303576770
399975350
285631880
470535255
549800735
76822153
590011675
733045483
698755912
628840784
195118825
119246356
411813920
136508958
747570143
272859885
991128625
408056084
11225113
122048231
147066929
882973964
881866544
393177443
177501350
980055382
413332460
123196726
705435226
431827482
569875601
563915959
630437851
472247452
710689458
876889870
789177188
775303778
142783654
56392522
274438842
812843491
305409142
538763481
297508797
56693528
621123368
392359727
40870041
753814425
359221961
408464447
323611069
683739396
348594037
449314588
376620253
813012232
509339496
721141360
205186673
377576525
970811002
275159635
700790813
60137008
175871466
314170216
822154456
185325671
889363718
909122750
644317199
485663294
600846215
927836073
406895902
906243092
166692219
983010749
286222075
21523250
262943136
617057265
35876961
621123368
618331911
891371990
171035632
180618940
429414599
333797919
963109684
927707621
700790813
89056694
77755045
51155806
408464447
72867331
494702781
420041775
330402707
615576732
14246648
743422445
866824915
484587133
894416410
7768957
49685623
509112312
380302583
444057275
145183898
984682800
988058546
440776669
42386527
734886734
596612145
990355186
195118825
747443291
159128217
68700886
666561206
41972357
529537106
268850734
653000461
235243135
642974809
64384000
2658185
389772176
210212823
869367086
592364931
331456379
107151706
763733438
400446385
739636788
392253261
877728665
56362072
26765453
264405326
21677035
867921744
269256819
851952119
757160710
182141755
184992529
314933010
42386527
511293230
986819219
861693641
798985363
598777506
293505033
36610678
383795938
429333495
11832139
699625367
849116163
14698528
684224861
561271679
376940358
646567909
568702300
14245404
485663294
150733032
435147332
55225396
992249713
42053655
916510634
707920266
11438040
976099181
86477014
259677758
877728665
138141783
272478179
255238975
114038660
707719426
991793174
844008295
95177475
644867170
925732687
1986032
793451328
420193568
606610243
442330615
227111552
573365545
171625222
126918345
980449774
352168673
659264567
317665736
339878064
983010749
88881594
963652353
360601863
834407746
159043760
569795164
212230723
64597664
844210580
238000736
446491108
420302159
821815669
33877419
753431716
92272289
22889547
982292958
637739669
726174886
126644458
805929140
712323620
206223889
869547162
666401398
966384846
557571807
984816117
628780591
4132083
128906040
71143484
988616429
84475952
981474943
399975350
927707621
201059566
105042612
805521941
302645660
154392883
875803094
63631549
409484532
970925103
935349871
210546764
942955953
196484300
601615286
86029251
286222075
231073980
823672611
640306716
305400844
310889311
590011675
137107958
75623768
669927703
993569562
476735278
670671186
730085191
232820123
306230804
80338334
319119883
18266486
587543304
73594082
813816914
313001822
926637770
963050649
641231375
602658089
862635616
686931427
748910222
600878226
369954215
289493531
520591358
126715209
616934439
476785473
136567196
600347156
931997055
66555028
280394641
511515017
634070666
70225101
827165277
88881594
249789650
118461348
909236991
874069980
721821336
160289029
259677758
92614363
494772559
571880472
383485041
520800975
559567604
643000505
80999241
271602435
31669990
897369862
123196726
186081888
232283319
17853346
425377186
95380215
2470503
431533050
234602932
217448595
219920051
773784041
103167197
183272659
442756186
375177056
324190227
274369441
122011306
153353923
820913199
622137608
965216999
719562528
71335721
507151915
435025782
158247712
335625387
351687053
624262881
377712513
89159568
169556018
154118668
790756357
54837956
941834690
658583699
988077334
107151706
499435902
890821003
241036709
901136748
180737333
699579664
693419939
11724065
33877419
520591358
649243259
956549087
450686647
145688360
140611707
425471727
166167281
993984837
816786952
858821057
821622986
765470180
453052712
747443291
313586646
127417265
325989888
152857169
512551444
643628589
953066707
245533347
321256269
926244355
935485665
373939606
907978021
712783254
931843823
966384846
994200984
696841291
273978408
668362638
961386775
47029773
11724065
699267230
276849282
430340728
546179035
72099554
91508850
32294514
254117062
800705075
386821140
105598470
982694126
928850581
943707579
94139894
455581929
651940485
33877419
902465225
557093267
372911460
156200274
39232143
893281828
383485041
842585413
458274443
100294159
21727071
413940455
158507258
612371669
910695394
949696069
773144953
553376581
23204374
20997302
273103904
828618233
304093282
813012232
909211732
955160747
335008021
846857912
441388100
10876934
675878276
646446790
966384846
834136401
903936805
999314845
270211109
928260764
187580920
115209305
177482437
63261909
242601569
126715209
31562806
918750330
259230965
775304376
728111437
234602932
877516485
926722980
853912690
70040300
869756428
54822759
106681433
181888127
452314158
610578838
177287957
751868606
539521755
310464477
685394200
50345486
618473886
125199757
3259339
687767068
352742231
774178327
88881594
209473903
445792833
976250898
429333495
983010749
661295786
844379869
209256057
554793850
954496026
749165917
140611707
302716602
782278529
981384131
448099110
197477248
629540021
281871991
812843491
766624097
649243259
390832005
813012232
407265135
888630355
146325959
352375477
439876883
629489962
713646110
202163266
882744480
24595938
867786546
778493168
935316891
928775870
915842901
599415995
874675501
487166910
147165042
836207461
513383317
31095912
907978021
345649695
717458678
580934314
720411775
962223354
351836745
157485860
655254025
621512430
945218995
938092163
376670507
650366414
498477960
133193029
255150546
545427899
586578159
586578159
134712394
572882647
958753299
430340728
562963284
498772608
37379408
252275151
955605781
963027917
836207461
778493168
727988061
740432361
564142640
123402842
778950166
936588083
497160747
901136748
617373467
980328014
102644457
6878286
66098879
671118533
689584520
746694441
379461100
564086031
731860092
630474141
608943904
991128625
794090890
749897111
444984816
479801902
223310937
911540768
737813551
803650551
259230965
374420788
664807582
550050020
697055853
869206914
909129433
33323443
114208514
303576770
87629427
870792652
715574747
273786986
629534003
149963958
984055866
109536774
914080398
335687639
433626754
286879988
121154751
416021319
615576732
553044668
347221415
541199262
239795221
971870843
145731581
49685623
861048703
37379408
654140730
379818013
940635129
994324688
736318150
867921744
925732687
684224861
273786986
866205150
169309013
776929249
920620435
34491614
322380690
885372841
668793229
343718341
846061668
610436432
866310430
180629553
388536227
43023806
675878276
111253481
39507263
496258469
736306124
20970475
68691042
733045483
569530020
732019029
466054136
965805578
779675220
979444276
963458621
486794756
414416229
747479426
405176639
212806632
252275151
773490277
756607551
265711413
989750800
929064353
743422445
734018400
491360324
333074686
983046739
655254025
52410152
999214108
376620253
186427916
860316554
654739326
600846215
430802982
376620253
788365288
20641847
31041482
716426214
214750934
937908747
176346330
776468400
909937469
707806073
879465487
940418788
61242671
872969151
536151593
442095177
920334239
33661026
21684105
100213003
773123364
831913907
995935920
257517911
568404416
246273091
317159276
679814620
140611707
882625169
793662925
589806848
190323720
23641201
627763967
626356776
89159568
615892413
653000461
318899234
183126299
804200565
22505671
101262320
882973964
668109459
139999508
822007047
855291927
191396406
296880777
872019479
434756216
489636848
654069055
881117554
138020224
990348050
904195129
550050020
180618940
969387176
67184770
377499718
370467911
645977736
800705075
469388855
963027917
152537964
189384957
836207461
293516304
528803149
953660782
180629553
667377157
767170731
33513968
396030743
925283019
777177505
469388855
273978408
491431837
391351487
376620253
553188011
501880959
320215422
574618940
181888127
281614044
922889543
292429042
458274443
960700088
77209460
689771484
316391589
106460790
893281828
309297142
657734046
20970475
734886734
408056084
281339522
390845619
591507979
212230723
742549442
171518115
277402878
235985299
909129433
672399336
250369427
907038150
36610678
163579965
426475886
589405682
105338821
49685623
544773954
314650504
330402707
78074676
550813996
305463375
373948487
599298443
696192726
65930978
925732687
501880959
654235239
594799651
737855176
926844101
746794579
741382170
591507979
337118934
616380357
140852353
56491931
736306124
758799459
101860108
965685863
41941995
822656868
820174463
186456293
989088801
170964511
947259903
779701424
682558919
8375093
724928091
112433216
813012232
257455082
143938225
115135954
149963958
224211864
512494022
469613611
456889779
948184215
907903981
41237580
464355975
786116724
220262534
853734842
867867345
63465245
534678455
409884494
849855703
965834330
103001490
47051723
71088654
813009610
236782000
146325959
909211732
177501350
699267230
28051159
208142504
797683567
910950865
928193994
921253905
712559972
462015637
896249180
743167431
381456284
909201173
822373765
617784103
159128217
970726916
360505028
74762759
509112312
762682418
828137517
960983256
316391589
467467188
161790571
86011402
65395730
781836716
412146430
79597491
911055077
215114067
823785235
919749637
592364931
865909273
19858129
253036400
746694441
876021599
452171929
929383593
712719862
959413428
841258873
655254025
727613725
214335618
641882015
964577832
501880959
350397626
378049697
3794511
421117171
470535255
991128625
653040627
386179939
778874632
945949990
395949344
986819219
496506370
475561689
912246296
455091394
349771866
631401599
63616126
29036179
227781919
906582005
353397051
930263936
71097676
550873589
388397830
930035004
476844735
990569005
700790813
497576501
196484300
708565295
799369570
57046868
781504220
979081260
408999679
99175021
800737391
588302003
969474054
267902139
126032629
443864299
196428512
429578039
782217139
642511889
821742700
105873802
837781467
180629553
118461348
491940204
191168275
125226034
190093910
112834436
106387772
811106964
793843635
612467690
8375093
53276251
213991257
297508797
833959892
431827482
481527337
62286717
928875915
214750934
453052712
73711878
133794695
665285133
657330873
217687413
344629962
699267230
812843491
235115453
859593186
139039061
158247712
824368435
986478755
736318150
717999434
57046868
