573854597
546845720
823785235
703832983
341506475
916815999
366518329
951613424
95958305
908469836
337118934
148311710
929037828
422428078
289405781
87312562
986859025
329696504
4576744
758129998
753771344
336127930
679814620
525921886
801392945
731512162
963050649
404080243
814945959
81561720
420041775
67241750
28027141
881866544
765378105
956673877
371005577
832512288
366518329
56491931
54829799
11724065
595799843
531849821
779481804
444922645
809341604
229245147
325780887
811902971
823785235
809151737
174561561
439229101
618031201
509000572
736367134
979444276
784418510
20997302
865825107
813012232
442330615
144414697
679512284
737855176
862635616
7016093
900540493
43823405
95189070
112834436
64300188
59397839
747443291
231073980
203831119
213369832
752459631
49813887
274908614
911055077
934945875
567333013
195118825
442095177
811288496
433060138
400328831
197621823
645977736
597412651
277709475
35370433
272861598
690560011
752467718
281614044
653000461
430340728
510871246
286719707
335083992
238000736
469430135
889811011
237942898
926581528
332103498
606610243
776075987
326064372
21523250
49685623
881713259
72347954
990348050
473504553
993984837
163579965
84877852
20970475
623550481
416495932
228267713
516350222
253650405
429039335
929064353
287115680
773142864
726012072
501012280
133960191
685875810
52038663
723528265
99680771
422472950
848042164
228021285
335595059
155428989
625118431
695393521
101300669
210459098
182150789
186054649
991128625
762326765
154392883
399272155
204125137
569229953
516350222
550277486
227781919
726115474
304441826
454328532
780437020
928193994
868751777
997889602
189384957
34723084
122011306
493083911
29036179
69930046
598777506
607022998
469388855
412733037
680995197
115400895
737239561
835383734
535899562
781836716
780437020
587337623
321911011
193534254
235562886
94484870
537548175
793451328
152216185
209494850
811390286
35370433
13228661
464721146
705868976
650366414
530603256
228280020
812843491
95177475
32963517
408783217
362407362
63261909
230986575
878524308
910945550
692921213
725547208
586578159
679630653
123435754
705851195
884718003
260936911
849471103
256414689
88200654
572125326
966384846
703194586
963742345
269778837
253853888
508861181
703832983
410124415
6542682
451985726
254117062
878461798
721488600
881575856
473151743
18820369
534018073
450686647
86105860
606670571
101303700
313148374
794090890
138319388
380297749
196484300
89748373
215932798
433779017
917644539
46346187
496629664
717458678
497430693
499581522
569530020
359505587
235910391
988058546
557093267
440077494
379498926
162327124
781078562
196447108
329457128
76322591
526390254
965834330
716403801
159243451
997993267
717383385
158247712
470704414
23204374
496629664
421117171
195133132
651322347
889363718
727276435
3554589
507027970
793451328
814736888
827941412
85568162
37379408
546379687
49252555
390702130
147045248
690597023
785015291
119080934
88539876
713646110
755421779
648129309
442330615
44022423
730574511
927815932
782347617
405431054
34630457
675385925
208334346
299010068
208334346
32574278
172424046
203730377
528548251
244228337
926677623
101436317
249526593
111642109
651829118
844210580
210212823
248774662
55356871
925673602
890678492
398986948
309297142
116558612
942768969
191760056
945949990
313928740
942908626
795989698
244228337
610578838
554544460
583787226
925732687
354417882
291224106
291224106
305463375
679738922
440444618
90831317
3107282
36599583
74076445
432063648
525104562
990569005
332103498
878996858
52169114
100218269
108969627
641322332
911984862
844210580
373007693
937441181
482500252
567277779
510871246
327381367
295191139
786116724
750167553
189501726
182424425
46773853
89159568
249584722
491314304
215114067
166679934
485663294
846011777
292433717
105361598
682731597
324208619
367265923
711748167
496629664
872747521
489353904
541870320
651336962
679430500
104807692
272861598
453841245
599415995
766624097
158661979
67184770
49685623
740675051
309297142
477812720
878461798
433420461
321267662
703832983
650366414
297511067
625088835
77614880
485312690
386379049
148311710
213092659
80937381
41941995
949696069
746694441
924786958
286222075
928260764
736514404
123550186
965834330
602511920
295191139
705868976
6878286
226748166
806969287
473717637
763363587
155428989
740432361
741304596
951753058
404589501
330110966
96222728
68182632
268705195
584578830
908211441
101860108
90348728
429039335
809816013
800705075
642419763
674659296
778275770
59047458
777873510
853872746
590481281
881587445
396664785
383485041
481857312
182035966
533770488
378049697
626695179
726174886
351062651
505189712
638896615
803109326
489861125
966978470
453812826
354315496
52410152
891308195
186054649
962115149
139476793
853693767
473018328
163767649
492440763
585895189
965223510
20788505
437249078
303702295
865825107
592364931
723488735
236580588
953516289
212034243
128275272
406516119
766624097
541643259
168965682
160460330
272562716
173576865
182062957
963027917
526946860
599415995
125226034
89232948
59326948
20641847
188663263
15808153
841641469
390962824
600846215
860135077
564086031
752587399
814527148
510623799
973304302
19361293
686642539
870638971
813772444
568111876
850821637
454514793
650276624
527535505
56081329
101860108
588914769
456738607
440444618
108969627
833118067
4127639
78460224
952653506
667930687
101819041
378311084
868296218
415585218
215987499
58471358
764676460
101123204
85906060
503382375
274438842
95380215
241036709
209473903
202248392
992202155
496629664
228280020
731645346
297633662
674749138
767542904
35617699
864232034
782292027
322922039
700389337
738300303
234602932
879806000
128123505
272861598
362793091
530044743
291224106
57566673
190840599
41941995
73838694
939106453
350372969
259230965
247856617
257980133
501288923
378717181
299247209
581563691
555951539
85218510
76946985
26715249
820759203
787549484
580279536
766121692
6878286
659264567
82417967
474487217
994673638
495097941
173576865
113677502
98408836
333291414
272861598
764016390
4712154
787396909
89553928
486021580
226727966
429039335
752876585
524819008
867921744
932510930
771447929
962097708
99788765
254117062
956187771
213676949
947416792
457854317
705435226
476844735
165860529
253301079
99295418
496506370
917916887
751002899
900228764
472993812
912964436
495097941
979444276
451985726
94814355
968261627
376014879
162839966
798606284
516350222
33323443
108999701
625205081
751939593
655254025
242374479
753814425
9839398
161353260
427816977
684188169
362793091
373259510
821815669
706403263
196484300
133766292
724364670
6878286
873867808
35310572
18454352
6542682
29036179
163579965
960700088
185970786
589806848
970136144
451707230
494706867
789366808
451985726
813009610
943923998
193534254
734018400
413156983
105338821
848042164
158015476
421117171
136630719
13033079
227781919
491431837
317836040
985629805
226727966
800983983
113483668
762326765
911928596
9262289
369971242
445792833
944901893
426481172
56491931
456464799
968873679
525921886
924408205
716426214
855290319
8368691
21614527
597880090
145183898
76347739
144674666
850227163
247748635
383795938
671124598
703970079
386379049
821815669
17535893
747443291
444922645
196484300
433207072
749378669
128401988
789078795
98531233
726174886
2121236
56023832
901864625
15404707
903936805
835064652
910945550
944618732
506293162
172238553
695393521
875299975
80209578
578229251
617955984
658276118
155387089
43841598
932410776
574874373
993167813
125219352
999630303
583787226
226727966
392359727
706403263
715890159
349771866
9641505
416341289
665228315
553608350
683597388
599407972
665940159
689576488
65930978
698684189
253618594
839229800
753681696
450220568
631432960
172295705
841258873
492371937
715225841
822373765
503360727
420041775
185947741
553641818
913577634
235985299
95380215
662644505
665940159
598842989
388536227
78739694
840941122
583787226
451985726
394364820
472833233
227781919
906506023
539595818
269326119
442483246
517299225
114556835
30044558
962115149
195834330
877037356
176346330
279191304
643209270
291224106
462954208
807833265
217821108
938988401
653040627
445548552
320016251
619993146
564629838
327014406
537548175
209625848
7016093
637502695
96238962
287314237
58053846
151484656
726115474
946487949
348910197
370440642
929156162
21677035
444922645
97133906
881575856
182493303
773324280
69474936
99653198
179461873
487745312
350397626
372748158
944618732
290404235
165205766
183589099
928959925
529010614
937622633
227682033
461791862
15199434
683739396
82977750
949696069
33661026
734886734
360601863
45379090
25911848
134649788
964133648
712128331
671416490
637567541
663869706
881866544
851952119
381468052
954438267
201324238
820759203
707527391
180629553
498615862
726174886
935656315
928957624
569094840
558305111
429039335
740148074
130213614
159128217
205075648
276753661
734886734
144645478
455759077
881575856
775467162
578138365
520591358
4576744
961713008
309437374
176346330
910305490
756481015
386379049
578384724
343454380
910695394
76115582
67184770
212622965
389919881
201324238
20286418
58779721
747443291
9583308
314952441
499745027
881575856
830448716
550050020
703377732
30300371
803283434
939106453
57161646
401492163
469613611
903936805
6721554
853180933
610278760
582018228
385139226
562592163
164381829
970248726
674659296
966384846
260844943
279191304
140611707
75157556
893543477
909807959
309721730
719199098
756607551
60540843
36307457
501075015
394388511
769184655
288911757
65862716
897364106
440444618
732290391
800705075
183313821
948634278
56002673
869206914
288763781
821216825
699293409
89159568
63631549
44688746
786832717
235985299
204500242
167141184
24808874
291224106
781836716
650366414
235243135
459492528
85965853
41972357
606675649
531913082
963652353
30014897
564258260
782292027
608943904
165429130
331456379
559791718
881713259
279184268
432243508
178165081
464155415
286145777
605577261
840702460
544724259
782292027
744065854
647830002
927887456
51309207
15307041
399768767
927534230
491212390
510871246
17025425
645771229
533770488
36610678
605162023
544396852
246214169
442095177
984884714
644979001
615892413
439876883
316391589
881117554
172118545
109536774
501497364
388775341
496359920
464155415
42413533
762326765
642511889
828140059
381062573
178810514
51047995
563961754
703832983
879440321
540741503
462015637
40744212
189716165
979867285
922910698
555951539
86105860
666834248
179140397
54851907
980074440
319181930
853848917
580278558
623593329
125779149
412708617
68182632
420041775
607022486
89278132
960700088
475343095
202917868
746694441
274472441
214335618
618473886
392191636
268219000
960451662
332735550
43891783
309297389
725530276
784186756
369954215
910113109
299324911
333767496
916196695
963652353
59047458
790813672
444922645
67184770
126644458
838961442
94484870
392359727
214335618
3794511
809475159
977468436
920054591
881587445
879088423
782217139
993984837
36601979
715909974
115322517
847436573
190245233
110287241
482500252
420041775
565035783
870792652
10489226
150733032
214335618
400328831
493083911
226125270
773942458
991128625
207190064
518162591
686931427
290158
475359
284346886
903145729
976010336
67257410
578384724
91339158
506063553
125606510
88570276
592364931
289495861
999214108
925732687
693347758
32526616
861770042
259230965
453841245
309223867
60252153
927887456
684748654
103167197
348594037
209494850
280579492
771171575
131630618
781823532
114556835
51328148
370085625
17535893
873609668
378487115
369954215
694738798
55618173
133101798
303590834
19795708
52410152
264771035
454467127
5632989
809475159
817670019
518506792
674659296
613281668
72834383
444787917
436689131
158490703
473194595
52169114
538129466
209496520
47029773
520748299
333291414
748360814
37379408
621123368
489908497
475971618
138403022
436064366
458274443
572125326
540741503
278458269
469388855
841641469
36255378
441546249
707527391
475343095
398053893
978776461
300781313
126073322
599415995
812843491
36787860
654069055
114416288
102777759
178810514
205623918
145731581
642945510
891371990
162327988
894341116
57161646
750464539
43023806
415589544
51047995
924218543
596561172
23641201
600884474
426299737
609658198
927887456
79162323
577721895
475343095
773490277
299247209
867921744
910695394
123886376
324360568
269934536
235343698
101303700
373296837
710560986
694738798
842788132
640910132
237235085
817166902
252904593
235243135
521989909
703970079
249789650
537548175
85958793
586578159
746694441
30014897
645977736
735705912
911323695
737955685
683648013
674979790
432804420
927887456
998348476
972144500
76298939
618473886
100213003
138207411
928193994
159285666
631379257
30379182
26264069
60137008
241273922
17853346
21677035
146079999
710395190
767641646
163967331
933472073
356585038
523514415
473604707
746794579
209494850
558028797
322615239
443586779
382546916
535455686
865909273
493746950
793843635
538336935
140611707
98311462
481959074
608194889
122048231
69979073
413355909
21888427
367389053
984812680
826845051
447154169
778584675
129780513
935677522
846052273
93196683
593082585
560421465
335008021
65930978
400446385
622727476
37379408
834373513
443158677
703194586
618473886
88363713
335634387
469942989
383561233
628603311
310709360
49813887
541093821
369954215
238146196
390658584
300218878
650596638
24040030
366908009
462015637
827738023
441057560
683739396
467451316
990355186
82328828
279683509
664965302
847727886
34055090
47029773
605524596
238146196
820759203
316391589
30014897
160486314
916993836
22957109
550277486
72769378
757334864
269176354
995935920
844358186
749319807
440712637
539808660
100396758
739827051
729947220
837555848
580644243
6899204
305424829
597626971
862635616
43023806
182092728
272859885
36599583
178810514
765131465
754389873
667104287
227781919
34630457
305535400
223157524
208334346
870914021
376620253
550050020
231391354
538186634
115942693
386379049
431601235
697055853
135445817
582909945
131106668
430340728
730129812
238146196
800705075
221513738
100213003
871957670
230393695
241036709
350397626
472833233
939106453
399106808
890026034
635273157
97990128
848344194
275354639
793843635
651829118
526390254
343309107
702368551
826845051
49813887
978776461
83689426
335008021
707806073
9583308
669927703
820492241
442330615
501075015
740432361
737352052
736367134
297511067
66788125
455507619
554409945
798985363
884402913
706374803
504222113
112834436
56693528
695393521
116849946
195118825
449347757
333074686
653040627
729527773
109159981
655645046
928260764
857314008
841157214
909129433
475886723
224210461
531178662
586033953
862635616
844210580
419403251
91763995
911846508
437498344
754777232
674007615
959353626
535899562
131784142
589806848
440984314
831986229
444922645
141337050
869547162
638320798
17572896
279211073
458361681
119203243
572481747
80555326
885627952
312604638
193497230
525921886
271602435
193374954
196484300
374963781
334258491
725125489
228844338
840738733
932672
305752597
813009610
687463596
436100842
494560632
643000505
281339522
515929337
992718974
554409945
347236273
330346638
59413784
636040256
402173938
898052816
299010068
596552113
78074676
749212227
853180933
788329210
925900456
662259257
305812394
431827482
52520445
651829118
95602205
335317503
747076802
40443247
836808546
19252071
409884494
376940358
770409587
910945550
93488801
683359160
371603820
501075015
385596495
473018421
814673564
109536774
621606955
86105860
632367636
829041332
536437938
571992343
22164239
140842104
252522640
123435754
194690842
331772507
516350222
36610678
40244843
694101974
393000755
140223112
225766587
382086745
634234674
699267230
573084643
447723498
286719707
150427753
163579965
52489235
869206914
907978021
179461873
777489406
440444618
135520657
942305256
400328831
295676979
252275151
614236126
943707579
401492163
723488735
961386775
685868530
536045977
98541303
552216486
529157139
378311084
376460851
415043260
74330490
939800869
180629553
675878276
642542926
688628336
791618036
354755297
599099564
134236434
520248131
125226034
934491335
196484300
248725729
889363718
737062396
583787226
657734046
261296443
672167099
107151706
114416288
99295418
653040627
141793030
34630457
602955018
639571766
822105512
654140730
167709507
737336314
47573393
130435023
848042164
958320638
63465245
144414697
606610243
914182694
333291414
866310430
654069055
21677035
126644458
456738607
960492901
736135950
773142864
29939354
420009492
128512948
69106765
717807733
780705262
106503487
639131479
144715609
713646110
489861125
426797752
797432488
21311725
777489406
579004682
110287241
132090925
17025425
160339718
96113450
853693767
956246098
710560986
446498778
12838869
485663294
101846791
761531822
36610678
723488735
725547208
19252071
518662527
989077200
8375093
147165042
688988391
343972155
535899562
907978021
415589544
81551663
932877979
470704414
63465245
686642539
265167936
180737333
283049367
158247712
882973964
126644458
863745322
602192262
657723791
109536774
978629068
849807212
14698528
210977537
424013076
160490007
103114365
148050045
159910714
628730182
496506370
470535255
214897243
869206914
101376054
305463375
161790571
411312303
756607551
211604412
467970623
602658089
782416148
579140995
349594461
350397626
847727886
99295418
330975611
578384724
881866544
108969627
85878077
80338334
371613871
612467690
178813573
834112852
986768757
73484782
262130088
16265002
909211732
969559209
861770042
787981392
272859885
171864072
343026735
658893339
178810514
889884636
974870855
253231804
362577017
999708519
529401619
475509065
146274610
287706028
757756915
487142665
463291635
128365143
4576744
309941365
820913199
110287241
41972357
423278624
551657593
117592906
855060100
844210580
207460015
465919947
303909613
550050020
654140730
314965827
326251455
618473886
587056478
64384000
963458621
20970475
496629664
127797068
430340728
86477014
127751300
227430158
255642459
467352885
435025782
881587445
703970079
92984526
461453538
163668025
369516042
68182632
510623799
309297142
350214537
240090462
94925989
475343095
109688720
103320024
13735076
220316262
289849441
34723084
376302671
986819219
968777042
472833233
66098879
655645046
297511067
273867939
489908497
688988391
625118431
178810514
211405019
516687112
165330600
926722980
101239282
220347279
388536227
947890718
242374479
297511067
150733032
302309723
608777836
235715706
35370433
141164117
686642539
376620253
985629805
661139707
52945960
111224619
215493434
881484299
496629664
68700886
559791718
773144953
45410495
596870177
880323171
820913199
86021996
540764541
491599922
559791718
323611069
9583308
706403263
317159276
803437097
76065702
631840825
12958378
699988129
623854658
927096297
578138365
747993949
79867591
335634387
36328193
676620271
429333495
953066707
757074962
471404576
420041775
76298939
904195129
630474141
373732549
755385662
655569341
395547678
469430135
56024658
828618233
86403613
119080934
398986948
938056181
145731581
1567893
605333810
738537060
690597023
762326765
820363694
277456442
957411611
437034316
781955045
465919947
642945510
93656731
785956217
189597481
674749138
17853346
569530020
550277486
98198788
513351119
613281668
340842575
242374479
934631932
512494022
238323984
86011402
142722088
653040627
790803071
890821003
693609057
355379527
586510904
965834330
73787717
7019916
710040224
25141346
928193994
112038571
470535255
97094124
711457629
467566461
76298939
638320798
178654596
878323612
753714277
882001159
101436317
694738798
350372969
598166761
964679226
953516289
657734046
744734952
415322817
400910122
109536774
457986804
178810514
963458621
86641047
373007693
519561745
386794860
249584722
771447929
321506620
701964275
19858129
294640416
981428204
21888427
280120459
125361669
201560882
30014897
116462959
478446034
739666901
51309207
434756216
632781617
386597959
144420270
206662369
256262852
710040224
412733037
274438842
115847913
688628336
806969287
586578159
281614044
562946580
114281456
281614044
705435226
643000505
408828584
21523250
944089155
40443247
179196166
79139461
658974665
3875101
666900681
756777659
307160747
350372969
542650121
841406201
205106688
531153034
980186668
467467188
125606510
52169114
61276818
41823528
588207615
622137608
702560239
694738798
179112569
300610678
133960191
845467279
177501350
641044126
606670571
564086031
745298326
835294163
893543477
939106453
958320638
743342286
437498344
540741503
829041332
235243135
703194586
131925610
478099198
968773476
211405019
762197520
697036869
725125489
267816947
376620253
268095749
14468498
644108883
451385521
822375874
796183674
456028995
176399464
971436378
101376054
615576732
644108883
118319231
710536941
902057663
635078598
4837621
234836861
320016251
101376054
205943071
672167099
272478179
970198504
911204743
2861872
312604638
17853346
634482343
418627640
136674068
379291886
850267849
87552921
922158973
526390254
926722980
805432702
220556513
747443291
960700088
42177180
904195129
769636983
491431837
701219850
126715209
445862010
603791520
964577832
773780921
576621698
194630409
964157251
777170074
88881594
108969627
484818706
353859616
963050649
112038571
215714766
403489704
217975742
115926918
112038571
125858620
88881594
541093821
119080934
835264424
580279536
820772835
588464436
46754799
943707579
599747662
229174917
272859885
31632435
121978318
101637193
100213003
17025425
350372969
193534254
478229883
603470280
369954215
333841802
641211267
575512283
319621414
184932848
172298738
453098648
688988391
364399910
499435902
873338778
807945638
84997145
599415995
571461696
465582354
143525090
778534400
545759478
146325959
145910664
971870843
688628336
464155415
51309207
30300371
851481071
606670571
725486301
53590288
100213003
206129368
5161933
115544015
36610678
638320798
155428989
34418137
293505033
154639185
29036179
181888127
889115755
32037540
270505738
852623029
446498778
473604707
40079541
602658089
689576488
610213054
762708757
717999434
703832983
515695469
707806073
9583308
893668497
743220753
374951227
224420242
589867004
647627916
913893409
543595432
811761031
112852181
130198441
414259652
400910122
365004180
852229
353124102
89159568
747443291
351867121
756913399
846398416
587100066
694738798
354417882
493903410
954827300
155798796
953066707
194238385
464943812
921895791
798240344
229004133
751939593
16533294
96296573
42570081
882539629
583110183
139167795
804960057
95602205
171035632
119806962
527767859
960314767
273786986
440444618
536437938
399782893
344659061
113447251
536437938
525325296
293505033
67573936
78459925
14698528
19858129
697606591
854246484
659151964
856833638
890821003
241138178
885627952
148929806
357725118
523185859
465919947
710379320
628137255
225406726
105338821
21614527
317159276
168610031
569530020
354417882
37269274
6006932
897407249
398524222
328726686
150733032
995935920
444922645
848042164
103352937
752300275
698781269
178154278
481959074
36610678
174623533
399975350
637120437
18297565
26798970
203926984
238839563
701723235
437768516
728364864
213510361
304441826
71860892
955039415
755955712
961386775
938744993
115209305
965223510
458328671
520591358
222479698
334005066
881117554
186054649
817303669
584293783
514634118
771256596
14366494
255651872
724364670
709114425
536431583
445792833
169309013
573976245
515929448
302592573
199885280
561822202
928950733
825381756
350372969
859608632
382563264
68898860
853848917
266886893
578138365
55340737
369954215
637120437
821216825
891308195
240415020
42869516
931734626
227102901
31051061
734190410
577787329
398986948
826845051
156036383
940324264
207893501
504814845
287334355
796130455
34943897
468449070
472386181
610933078
238406785
34723084
178810514
992193632
437296637
388536227
298295363
330346638
962131110
387247526
781955045
248355566
188663263
333074686
382944984
709989890
476844735
880749333
555977487
566061618
294809928
595060257
595861976
652810461
376620253
59397839
22146485
464541521
11438040
864262652
867683463
813012232
323840239
990348050
42386527
703970079
503906095
683137448
120983975
17025425
383795938
736367134
119305487
726174886
589806848
154392883
959852840
370467911
872029363
880030080
35222623
371603820
466008133
776468400
310505717
570445142
726952064
999214108
986846245
415621886
840506041
922910698
795218287
453841245
704031630
101846791
516350222
758935103
40443247
54025912
205186673
606608983
869206914
638590721
646850846
228659302
268707044
889885665
335634387
746959911
707806073
288121265
299909637
770935031
190376127
171864072
55225396
561670674
475191198
965834330
528848117
153680883
477905188
743422445
249479553
330346638
841641469
223071159
123196726
207868144
20970475
308155035
926431957
481959074
122647247
979444276
441557750
94283317
830318055
92394308
684224861
488101001
968146179
93974506
256262852
161841248
562963284
963325338
714065109
622137608
198367721
490541434
473717637
694801090
450686647
902057663
67436924
227781919
881713259
318696259
691937290
210412852
86105860
188663263
216005436
710858160
139064013
253838885
21852535
147731966
598166761
574887933
944618732
108339035
312120998
217683064
773123364
50311957
841641469
818768966
612467690
226182647
123435754
307160747
118155487
807319141
802348052
92959764
598777506
252904593
922592621
525863210
887738768
333074686
590103375
709654485
438086873
350674149
353466488
247966121
612249818
31327962
293516304
38865873
515112535
235788996
31562806
68182632
983010749
144645478
954496026
292549475
954698437
967014612
736135950
975889773
791976933
473604707
758663489
3388807
318503058
881587445
136595110
167242421
554793850
309472191
984017591
613043954
9583308
591067292
174623533
303927813
211680945
52410152
412733037
35711414
622137608
903936805
658893339
392191636
707187293
62287573
466832386
214897243
490020486
156740109
146325959
565825318
710426253
611242098
125226034
533447193
944291683
343183109
431262496
159128217
235985299
3912472
580279536
163104880
736135950
820759203
815362220
79139461
252904593
949696069
316391589
841258873
440444618
672381835
737239561
674659296
565606195
885627952
858260569
738449753
540729452
64384000
753827141
36384863
485305254
837452298
112834436
463137489
481959074
877728665
450964399
936299266
820759203
826845051
88360841
243617426
96491162
400328831
214897243
621863055
463672966
675572229
674749138
376620253
664857312
446806869
688267108
997600929
995935920
286879988
309514750
706403263
332103498
645977736
286719707
377328407
145684145
677084882
149094363
487071828
214750934
936343539
628311579
705868976
137219344
573084643
572825329
99295418
7678804
373460229
51091812
510776029
711475093
653040627
57497885
834443110
794413375
234161679
777083176
641571885
94713188
382563264
966641856
337576503
771256596
32865953
252805211
9262289
26264069
445432008
828137517
960700088
866835869
350397626
310633290
333291414
971099141
2277965
314691763
870792652
658893339
116597551
923861972
781734001
194963429
983932242
20970475
781479690
401492163
492075823
775290857
603374653
215457407
449270106
765748562
33877419
415589544
644108883
980174200
599415995
5526835
516350222
801392945
216428098
383552817
226727966
525005020
764110585
473151743
241036709
471404576
549328873
6542682
279867381
401492163
347818761
226763023
528294184
138598850
880525047
602511920
259677758
286712993
990355186
707806073
860562641
178154278
80338334
776468400
756607551
942654593
119080934
176408850
855150614
509119078
812843491
948779520
40443247
119838017
251070890
59047458
376940358
953516289
752978528
381468052
462843633
145183898
3630292
185209637
578138365
944618732
239309095
109752594
303737374
729448952
378311084
906243092
615576732
823785235
489139727
398836609
357484222
563681096
241099624
621439052
796183674
440444618
902057663
961435738
938205211
996011138
402215900
101846791
253945156
607926273
33513968
161790571
106681433
558085773
985629805
164755742
565052121
753689720
29036179
268839065
891606498
669927703
972175735
271602435
79139461
173576865
794981891
62907557
998541760
229201065
271274274
849760179
285565630
118968178
489178657
419052588
796130455
932708227
494706867
682463872
796558485
520591358
34723084
966384846
571585010
576340968
459051358
348594037
637120437
488811696
481918819
189384957
513353483
178081224
501149983
608943904
285062665
180629553
252805211
125819037
21888427
567209052
858260569
233886303
955243344
652810461
102145161
637674662
550050020
112038571
193534254
525921886
273978408
412375583
613281668
983818805
69620367
211405019
187580920
473431049
449270106
984884714
874882963
512494022
643000505
970726916
133694770
127097344
521053470
408783217
40443247
966384846
743068219
361294084
670807029
649243259
484793829
723528265
214897243
786116724
338579883
985629805
985766218
962115149
249789650
927112913
853214661
450686647
984113619
15199434
286719707
982292958
57161646
277456442
467467188
413849637
960606545
486534075
155428989
678501339
441264666
928193994
43358069
68131800
948905087
279184268
312604638
436938341
591457814
326862855
904806729
615892413
133159353
709946749
376881474
120331848
493083911
694599793
61242671
402305051
599298443
180618940
737239561
964577832
145183898
79940207
570245134
66098879
701683471
816334033
386917680
797653770
948150597
711457629
911055077
777489406
203962467
552276951
819245491
834339025
17853346
176370793
51232594
227271803
773123364
583611949
193534254
49685623
558629895
945218995
35310572
19252071
847727886
698820112
113677502
447041221
59413784
31664012
97217252
5920357
453052712
510386956
706251816
420041775
86011402
562675907
602658089
684110201
751002899
68346504
853734842
688505954
276137779
76298939
927887456
101376054
321295108
187644550
182062957
911973754
512494022
583787226
743422445
679129051
318352270
720714389
702383962
891308195
227430158
738300303
813009610
563718083
881117554
52945960
481162204
254117062
790022842
455891459
941007206
615576732
528721925
957303875
145566931
142383308
404589501
359979448
476844735
537264521
859593186
798606284
562965859
125226034
786832717
162112757
27552529
305463375
640910132
106681433
323611069
521838732
684224861
8710265
993984837
654140730
927887456
422834361
204500242
348476722
100213003
773702677
897407249
239133410
884742069
227430158
963027917
56491931
806909636
14596590
801348750
20807507
655254025
211881984
214897243
703970079
625708975
812843491
309297142
658338308
423302750
516350222
821622986
185065895
277456442
122074595
982292958
583308086
208334346
189384957
100213003
844210580
228021285
680369412
775374913
467467188
988058546
112038571
16265002
168791011
727885731
896249180
179165439
41332362
682934237
862145105
795286519
439229101
576388740
801988824
800101744
591507979
618367490
67391330
118461348
829041332
252275151
363126214
820913199
463961467
612872373
593082585
272859885
828618233
38471468
801392945
76298939
68813223
685428935
167304591
524954849
745371266
399272155
510623799
844210580
599436810
182062957
881866544
180618940
469388855
126199666
425691624
909211732
495588986
234261805
881575856
462015637
487463389
165022677
2013974
795286519
916959628
502328127
31300126
21523250
980174200
670879780
126644458
107151706
660920321
577099271
624262881
687153612
229766587
767303119
286719707
734886734
749346764
410318775
374951227
147165042
190885137
707187293
201324238
704847325
289493531
331798882
731907945
132438107
323611069
572371198
101846791
439389583
724364670
48266038
369841058
48660641
572125326
249308450
410137145
429658857
399975350
470818502
167004425
49685623
679738922
129550258
656380105
21614527
865825107
481706899
830448716
501880959
700790813
510402509
536437938
824368435
600686799
525921886
102464030
51047995
82417967
725590066
813012232
889494753
591507979
378049697
767147874
612791390
684285593
893948991
331165228
36599583
890821003
650366414
294897596
282079509
99653198
643120825
501075015
93656731
692921213
46598211
279911680
470535255
131925610
650461621
910945550
716689266
393296912
512453242
489861125
689576488
149094363
993984837
431827482
191454809
466253246
381468052
991892717
625118431
732284152
272292023
43818562
428153979
69620367
607926273
401137061
798606284
100636036
16265002
68700886
494989704
746694441
46786081
76298939
810476047
227781919
398836609
817271261
42466343
465704537
733045483
106460790
707187293
615576732
295191139
178813573
590011675
277456442
489195196
773546890
55497699
331985224
50192190
184091372
472833233
615576732
74120524
816756901
784583475
860135077
34696441
130291064
759664438
598777506
120983975
760725566
146977388
860135077
552333111
821815669
764676460
94484870
608943904
729075430
100213003
721821336
295370431
12838869
577885402
357831525
19858129
687767068
824470358
419775903
784078795
820759203
809475159
829919497
139914999
945949990
776418867
138319388
767147874
713646110
304441826
222410496
930989021
776929249
794090890
400910122
531221989
723488735
910945550
943486884
33513968
707435580
103890894
414257398
826532732
607926273
62080051
844358186
5438691
147165042
377328407
372285151
263836071
340796852
163668025
449270106
296136415
608196972
817489842
99653198
865825107
400446385
72582758
39987139
140611707
101846791
728064076
469613611
664081488
487745312
659264567
59397839
218332979
885627952
692403021
869206914
777489406
473604707
11680268
740092361
75502964
99653198
238000736
663916826
558028797
85667528
700790813
606237277
870835076
742500227
853283753
861693641
562512739
401492163
80338334
128133509
455430344
401492163
954633349
21523250
24595938
41642530
92557478
177342883
550277486
721359455
761018343
117283921
19852568
333291414
68700886
940635129
694738798
715382733
930532500
24194843
542332260
123435754
293505033
107622468
917644539
541621688
771256596
131925610
983390540
821815669
734886734
176685845
398986948
603612523
989418521
559941703
569530020
171035632
391069973
901136748
73483014
219697461
103167197
195118825
14698528
922474583
331456379
564338578
231232960
445501362
499435902
57161646
376167122
837238219
253853888
540565467
72834383
169309013
945949990
947321039
482277175
901136748
926637770
262150964
993984837
555951539
56171916
9257333
444525433
79362219
890131170
450220568
95602205
938705536
553876253
331456379
681877124
33661026
663976199
963050649
963050649
762366789
782217139
963050649
74307524
588464436
244228337
962097708
398986948
373007693
52169114
404080243
99788765
591507979
16888680
930099444
792506369
734018400
412733037
34630457
239265836
561393406
618473886
592308405
866310430
166174601
674007615
626356776
686931427
785364030
111053479
642928910
140842104
924766715
248520492
983010749
823077373
32037540
52410152
364611495
858260569
404080243
683739396
775304376
702927048
159128217
26281796
238000736
75500338
590793631
52410152
72480273
381468052
112834436
767147874
982699541
149963958
920334239
183143445
554409945
408999679
114416288
371603820
123196726
751939593
730574511
464744299
337118934
662068074
297860902
228280020
777489406
895082242
993984837
513353483
381785504
209494850
903936805
707583879
271602435
183268532
35663118
462015637
91339158
466253246
276628604
376941294
812710418
348497910
859593186
210212823
491644089
458274443
371797337
473604707
449347757
97545299
105803781
76298939
161790571
404589501
86663143
963652353
377576525
533447193
402449608
59148879
831206012
977189224
877935257
767723206
255302544
71542630
28548997
163967331
50131659
143472146
841641469
47734804
623593329
855790613
694833018
125226034
95380215
648714941
57046868
887594582
830448716
191454809
978322311
101860108
103911298
51825068
23397041
567435153
405950951
644108883
43891783
192908959
88730226
108969627
99141628
296785753
800222328
132507374
618473886
627568667
105254358
919854381
775304376
400446385
415298923
19374379
783035046
703194586
54829799
986019448
847436573
209496520
830448716
88881594
9164743
103114365
342578626
395507972
802778468
225592838
617057265
712109779
121775288
17572896
55994107
125226034
193374954
770740181
367518255
878003561
737813551
794380470
122806121
99009139
443722394
373007693
19307849
21888427
922910698
61242671
926637770
4512600
606670571
863787820
406719836
51047995
349771866
838900834
125684252
426562565
525921886
380212297
723488735
668046600
685875810
400446385
47659153
409884494
52157250
8496927
682733982
415585218
711457629
362980863
440444618
88570276
439746015
711748167
595659837
847727886
409884494
323840239
482500252
675878276
435955200
315788690
239414934
56567449
773490277
106681433
781657740
599796471
752326150
63465245
419976125
751939593
462220845
399975350
726108265
224894352
830448716
982292958
91468874
499444825
82680885
744905883
347385050
479735527
350397626
636070383
916113486
94484870
129550258
801731918
280790374
21509281
19252071
790869700
318899234
524242037
314933010
445293153
314170216
679630653
456509910
490020073
932374952
176399464
125226034
599120739
791353187
125858620
341746556
852757700
376670507
643000505
999214108
118174079
466253246
894749874
529288881
331456379
58862851
24595938
644108883
16034165
722157282
902705432
107159351
150733032
534236331
596870177
19252071
6976881
659151964
214917246
395222957
965902006
230986575
297511067
486082490
626356776
990569005
351861227
963652353
29497915
667772410
500227690
125226034
81631192
859594837
205771483
377328407
781492540
710040224
408559814
148644466
274622581
125226034
9583308
259089521
479174098
894918996
74519115
802348052
385353473
256734267
160460330
40443247
545129041
674007615
713947481
515929448
435025782
588464436
450220568
367449382
544633451
31562806
256354727
877037356
304724726
311137419
134283990
727784925
750441534
310762812
781836716
795286519
123435754
899249152
973304302
610578838
503906095
829041332
378311084
141027634
923861972
470535255
278388214
147116508
851652723
107151706
316667982
126941822
680582086
786832717
540741503
563681096
163579965
966378135
642169297
233469103
853848917
8375093
439876883
541621688
133960191
2819827
804200565
285149049
839268557
164971263
438641024
198749204
908250240
372417275
6002377
676233007
23641201
423952406
29036179
645977736
849495850
93155515
508434892
35359236
366518329
668703314
451985726
667104287
58360080
30014897
230986575
984017591
74458426
630474141
367416880
257038856
382196170
706146889
509112312
152853684
723488735
464311615
193534254
259736684
175173514
706403263
734189254
798985363
925763250
431827482
983010749
487288778
11517394
18024600
431057209
719174553
26264069
713545166
292346069
21523250
559791718
622137608
33513968
79139461
99295418
476733118
667104287
662979837
672167099
374417029
777985276
295060306
11724065
640910132
881575856
11983985
78739694
615576732
350773912
920334239
326251455
9583308
531427387
612404504
811088887
198375910
603023949
370188290
840352609
91761668
587337623
529218748
654140730
78219614
249789650
270621263
473604707
167242421
903936805
172298738
623854658
92394308
464155415
253853888
789672064
534276211
560271424
57484153
423231546
350397626
279549522
722972996
220019552
491380281
934019699
519728012
972481039
435025782
182888803
494706867
480422362
159855694
439876883
312135716
220038547
54741085
489861125
176673729
687153612
950379241
573630162
209496520
503906095
406331929
963652353
4576744
230074142
720391406
540068670
674749138
732020302
381468052
716991830
736135950
335008021
280039794
28608425
122498413
726174886
360601863
459415262
30671564
699267230
541093821
1916780
416059223
373732549
105031967
87460609
128365143
890056670
238000736
20997302
862537412
295753503
516350222
78739694
6455989
34723084
