613528303
114416288
533770488
268488831
232318856
997356282
569530020
43023806
179178790
820759203
370467911
45791523
720722956
43644187
117571347
379986339
6006932
21003419
152537648
584072129
51047995
202582050
527592966
679304214
120011125
581718168
990873458
388536227
533447193
54054784
723095887
823785235
24088573
200580496
953066707
869547162
925788124
340264217
969684004
23360444
286222075
821216825
226802417
51024953
209473903
84595826
219561314
628649673
291224106
913432991
287647801
116815765
570283642
522811196
472053007
637480678
398942094
91596774
501012280
642439337
63631549
472449960
440444618
704110938
114208514
327312076
560049095
920891552
625118431
703832983
840506041
176346330
32771366
534822481
780705262
669840338
352369431
297511067
125606510
64384000
201037319
160460330
918533929
953516289
751002899
212230723
33839367
359386227
239200279
72854316
689025524
37098037
725547208
325958968
218443008
102475424
134236434
647678004
342795863
971105965
36610678
247946989
50153882
177144941
106681433
195545184
673231108
106681433
105910523
293516304
123196726
513353483
928260764
613240682
259230965
37440752
655645046
222008464
396506241
599463387
409884494
408999019
330402707
280039794
85362985
4576744
330346638
48249737
899000187
994514615
830448716
56197377
605162023
497376585
951178865
536437938
59047458
395043272
946134400
226268416
29166286
424769393
619600160
861693641
538129466
302543181
52410152
186054649
841641469
940354621
963980961
598213851
66333660
922910698
362560132
798606284
737239561
954010930
867921744
786116724
542293038
970726916
330402707
98546221
813012232
996368324
925732687
88200654
473604707
277129243
669425218
572231535
555951539
704911910
872876432
280039794
766875667
701130340
998408590
469430135
18024600
991473091
394435257
252904593
206063392
806611521
967737402
79139461
75190050
819538016
379291886
723528265
491431837
393831478
26361477
410639238
243292819
705848292
518991908
51155806
400328831
743531880
57307545
687153612
877037356
562512739
737813551
946134400
743422445
455404451
27223163
196883260
736367134
698326953
559791718
617201859
447101213
492417217
970726916
77494313
943409884
775304376
149963958
34104978
814450466
54374449
828312286
969359131
399874374
35370433
421117171
80338334
842528099
892404795
375104961
61242671
70772017
554409945
550039628
155113791
119080934
547199345
982884131
122417180
726189491
738300303
219192328
906900475
506366739
39686320
365572099
17512475
489821896
693547674
925763250
395321022
78815795
56403550
224501043
121640100
34708158
562963284
51047995
580279536
388616692
416349535
222633681
606258587
398635783
174623533
998970387
21677035
405852796
193534254
442671602
92329958
107151706
678101156
337118934
859593186
313459149
446970531
642511889
47486429
705973245
392191636
732290391
437651283
418396130
282674481
441057560
186054649
544562011
812843491
533434694
311572797
687463596
538129466
940635129
376666384
173576865
999214108
399768767
462739736
226125270
467820079
258676001
346458838
880418334
539683605
377606336
726622246
107020164
130615817
950904291
249789650
57161646
153782486
276802703
98572842
14846494
99295418
420694036
433696044
77844847
540741503
351867121
316454909
551484347
358659531
686642539
820736402
34630457
963652353
449270106
114556835
613509617
932528536
670576212
22338068
554732775
281614044
858260569
651667599
82417967
719000126
667104287
558028797
786832717
115067141
323611069
348594037
126478237
605388046
537190669
34723084
266021022
761018343
558028797
736318150
395982873
964987188
131925610
69979073
30014897
469613611
970811002
752909228
18636197
612243832
828960567
474548229
351687053
437498344
107847801
434922586
635208399
223341523
169317831
821815669
284934090
268707044
105019762
510871246
303632737
277456442
23512113
531655836
2545740
201324238
11438040
547985904
226125270
751002899
684224861
298997338
469942989
531022701
963652353
844358186
717220936
996217375
89748373
78013189
546919623
495929278
108924000
826996325
197874408
962512569
9016966
825083495
309033546
892984922
703341874
333074686
126715209
209598956
498303577
252410336
383258481
761018343
988058546
545427899
857314008
228021285
6542682
143472146
777177505
991128625
642853493
433207072
757160710
841641469
617811344
530216562
890821003
751774881
926678626
462015637
659151964
33323443
78074676
612164396
656055203
437498344
260527015
710040224
529329619
414561893
787861954
836207461
273786986
737239561
435127701
495097941
460474256
820759203
848042164
335634387
238839563
771472690
684224861
422711431
642974809
351867121
683151080
780705262
959170480
82556701
675164700
14838166
126715209
549010216
73798666
781836716
546104542
796183674
86011402
183713726
82328828
66294472
644303758
138319388
816065585
464009322
820913199
154392883
417140258
829562290
201037319
727935535
903936805
186054649
451095375
467496205
179461873
543973280
12838869
800705075
973304302
442549593
583787226
721451302
60763284
958320638
145731581
481679511
703529360
232162308
732290391
582729048
382124735
649875447
239795221
414452558
604169744
494706867
901093990
263836071
711982189
667104287
52038663
470535255
106681433
717999434
816279802
327760419
535455686
893281828
145684145
681557376
179753397
957415208
669756376
308363336
112834436
144414697
753814425
726115474
700790813
710057788
821815669
121672387
559735599
58034219
87303984
637120437
746679424
496506370
33877419
608361046
739685533
29036179
29036179
82417967
902057663
39348961
944662080
792978371
751002899
485325204
533595223
101376054
32037540
950540563
231073980
981263181
460119778
653124568
655645046
767818984
133960191
330346638
911040292
271989533
776468400
489160507
598777506
566923092
509119078
115209305
816334033
994215222
354839013
495588986
34612300
17535893
427553512
644558071
647987556
994497255
256207050
316391589
686642539
193497230
674659296
318847466
882973964
400910122
42018879
16662222
125199757
472833233
659069448
572573101
30014897
809475159
366982597
132284339
823785235
653124568
992034537
321354957
302675115
725125489
798985363
335317503
374695785
908082199
538129466
946931574
796130455
683151080
707187293
752459631
272478179
158247712
764676460
550873589
589405682
226597669
290727701
862762842
7016093
801392945
570934844
821216825
749346764
765044482
717999434
252275151
778330295
874836097
361318170
572125326
792506369
835907349
180629553
37421374
795440613
296648340
802348052
607926273
125199757
681023001
407012801
900189625
534723743
127373574
147165042
42686571
640010345
145731581
885377567
632367636
233598537
144984321
959170480
15199434
572611654
997237796
78739694
286719707
69672619
19858129
570677830
92394308
989330479
906243092
973304302
337613566
61496677
946400859
457799786
54829799
271602435
964577832
473717637
35359236
993984837
251308740
43805398
400328831
318899234
970811002
199152341
259677758
473018328
949721172
150733032
73840527
189389292
395127321
2030312
648942260
52038663
209473903
820913199
324224601
176861233
923861972
875111800
66759415
286222075
482795680
42414976
333998964
632817537
414191745
773142864
667104287
253592310
494481454
330402707
160460330
727921071
180618940
64906050
778330295
495588986
255419850
103167197
662068074
910773212
93656731
205186673
382341065
149963958
625003825
13046815
332778535
615576732
20641847
232844469
906243092
853693767
409884494
591507979
602247063
533447193
969474054
554409945
471238810
214308005
662644505
309620240
952100502
731096961
349771866
316391589
632367636
992193632
399272155
46346187
682880810
463088755
505098206
226741296
751002899
174623533
963027917
640910132
891755525
836207461
204500242
57046868
269474176
869737962
877037356
56491931
21888427
280295037
568499263
9583308
30014897
469572405
217040608
971044242
123435754
112478526
614775580
64043661
703132213
287275331
986225754
515092741
725125489
76347739
518726821
90061256
414416229
450809110
20997302
150733032
119080934
662068074
165205766
554409945
450138609
917866443
300689740
276303065
348390578
145551221
599652485
667716332
849471103
243974340
120759335
193497230
173576865
846224372
781823532
293505033
29390946
655645046
215714766
180618940
582983202
29497915
394335876
900815018
442378379
798985363
357829120
923155825
179691100
176346330
214897243
63261909
353154760
644028417
131510377
501876581
226727966
491431837
638465415
752459631
86693578
821622986
557501365
1870060
114672039
805861145
867921744
348735862
694587645
879470786
6006932
286879988
376933708
34630457
700790813
812598649
861430663
62964390
940635129
612467690
435024846
307513730
406389349
942830560
524954849
612872373
975428447
24595938
145731581
820913199
501880959
331144714
860135077
717999434
27804478
749235458
622137608
870792652
813009610
42941803
710040224
516350222
978776461
892889523
95338440
451066473
641027876
181169388
959170480
22164239
239498202
550873589
88318339
869661615
995935920
752459631
967252540
446498778
774128519
385387075
85680992
782593073
408783217
506610887
272478179
541418381
912191528
214897243
928260764
29939354
101303700
670018367
172645114
645771229
89159568
959170480
272861598
303783911
780589691
65930978
690945710
576133217
377296629
596870177
463764486
17572896
909129433
341048919
736318150
315812459
177641866
239795221
886831042
796502703
420712807
192218852
458541020
632367636
167502842
554793850
651829118
136625651
408672368
657734046
307160747
415589544
687377153
474260577
106681433
650366414
40163548
540978445
499586574
396784851
409753625
622208403
780437020
910695394
147092979
684529386
106954744
280838052
278958199
356484744
363862333
505189712
360062686
126921321
865909273
29939354
534067161
647105644
249789650
78739694
563681096
736306124
495097941
624262881
881713259
107151706
859607986
337118934
640306716
114416288
807481174
16265002
514643288
654140730
212230723
495929278
460544464
247946989
580279536
460119778
208369103
136595110
781836716
101860108
877728665
228021285
214768688
721821336
334397291
962115149
147165042
810059
42386527
30300371
585201136
207419004
794809763
731299377
84776200
646195867
781823532
771447929
509112312
624752344
122544343
21614527
240346395
676968413
379179088
685875810
314933010
963027917
605162023
716062613
144645478
63261909
21330071
590395678
559994067
888294151
701130340
142585182
414416229
21677035
76347739
792506369
393000755
694738798
91339158
491335993
99295418
623509532
858260569
822190833
649243259
125606510
69620367
965216999
782292027
752459631
689025524
886099200
340064632
201691771
714508497
115209305
365307268
536137094
652810461
288898153
808988727
235243135
466253246
63465245
223851351
283820365
52038663
320016251
192836312
916196695
426231831
810728835
82152
51198701
766624097
337693331
561191550
847436573
94925989
924757316
952715423
112433216
984017591
362793091
745387355
737955685
462015637
766117824
559853066
77983327
163967331
230074142
777489406
919854381
204992890
160182952
533368809
824004567
997231733
725125489
296099631
517727580
964044179
662644505
943707579
853743493
43994750
844210580
360355994
370715009
106681433
471404576
113131168
283369877
161691393
137219344
724489278
507797129
158799574
429053612
163579965
631432960
899249152
143382009
928228513
411813920
891308195
215114067
596870177
977468436
228280020
122867643
798985363
66098879
63717103
9257333
954496026
43023806
663309274
550050020
221643284
255659623
274438842
17512475
403487909
469388855
41972357
688271958
427659954
986819219
617782607
932152050
839946662
892273957
21523250
286719707
147625769
941704355
337343133
169309013
868296218
999727348
107964457
545427899
206920411
98657120
390804969
597527757
832642161
874675501
563681096
286879988
75943660
693029085
490653332
119920024
201795479
465115021
683413658
317159276
133649578
88215573
161790571
175994042
725547208
386379049
382563264
266900697
175229586
916128724
163685612
709043253
65707843
710560986
657900497
429169185
929064353
65862716
881587445
167709507
6542682
179879644
13871389
604797052
15591823
382563264
140194885
223339591
188811998
462015637
413157890
123583207
253853888
861770042
599070571
308464667
499435902
403567263
200854863
209496520
294386285
834551993
122571230
339056509
11438040
732333762
688301137
418492854
108969627
984896152
86477014
200861511
230986575
256732238
557959875
167709507
922395647
421136274
809475159
672167099
616861000
527972905
938536195
61242671
300326669
674659296
806969287
781117612
72388553
332103498
899220759
569530020
961785459
574868948
456738607
443158677
922530209
674749138
802526149
551280462
470704414
376453578
807738183
874836097
687332390
850729719
734018400
33661026
791286888
103167197
599415995
475191198
748871840
615892413
34630457
333074686
712288209
91876600
34844475
823785235
143992106
625118431
91970230
96791840
893543477
360601863
254117062
705544359
848042164
988058546
508552765
576339933
967555033
898469430
125606510
522420133
536437938
649391505
303576770
940258138
33513968
740432361
155113791
194905943
737855176
239795221
398986948
840268394
820759203
665609034
659151964
991128625
257896661
764676460
619989342
50252516
707806073
565052121
773144953
129522240
990569005
893281828
11751758
35310572
377612386
512536559
657831297
290076114
29939354
961386775
106153010
247516297
641098162
562963284
394845014
208165205
474059236
268992177
209494850
323425603
17718799
358355294
895082242
760791856
425534120
101727569
744780700
524954849
891251045
868702239
554793850
14523767
342265163
910999533
235410132
71316249
722903870
209637234
844755828
41972357
523476813
684507728
895082242
416021319
889363718
21389174
676085744
33661026
732290391
899131444
688363100
791719907
378049697
20641847
2106444
404080243
618473886
10509699
29497915
793843635
238146196
687153612
356516429
893543477
77576639
995381593
163579965
9204849
473964773
637120437
782217139
888778843
585910641
545987530
223602418
122011306
861770042
782794356
542254902
465597040
40443247
720883222
632348521
697072166
243288547
58399410
35359236
550277486
296016689
472407721
867921744
389925135
722352828
49786511
710560986
230986575
483209652
118461348
778950166
533994062
709043253
206952299
66788125
109536774
730574511
881575856
165105387
252904593
482500252
35370433
738601775
929064353
375358834
308141478
554409945
411414226
458489758
186937466
528584037
59047458
938555090
82417967
966384846
922910698
31562806
962115149
840506041
882246903
906243092
20970475
399768767
188663263
388536227
854810606
195537897
438086873
20474769
232665474
978776461
464345458
205186673
958320638
126297775
351882361
149094363
76347739
891371990
553238941
903936805
17512475
935359660
879088423
476844735
911040292
42386527
719236054
316391589
214750934
717458678
26264069
333074686
59047458
263629435
781669574
146154070
440803338
330794697
469613611
69979073
66417472
489178657
786116724
373007693
589194813
904195129
753814425
320016251
817326224
737813551
202069661
960700088
844358186
698751768
655645046
866945029
982268334
751458463
700949252
865909273
99653198
690075125
655254025
382187213
886598301
165205766
118191126
451985726
790934674
618367490
291987318
205366663
380823197
56966774
583787226
341352893
96350327
781557279
984017591
542905404
157727207
989120905
233349252
16662222
200113130
920334239
891308195
101376054
650366414
667104287
738650379
277456442
821433689
515201947
509112312
863980068
493131844
289682216
176399464
286222075
502239405
657900497
746648902
195118825
807753843
794153757
61242671
14291295
376940358
333875077
421716285
108999701
140842104
161790571
116849946
101436317
761018343
430340728
289788069
564338578
398529374
110287241
173412221
162906428
381468052
652393760
582811486
35359236
230273829
839946662
937707663
867867131
51155806
821153857
635907512
641322332
958593448
980570155
848767863
245645618
178813573
564448310
796165276
658373503
148311710
41972357
385531997
17495836
101385227
9038682
400328831
149094363
198224791
802348052
470535255
664114670
314933010
4856348
751002899
494706867
454514793
944734848
778493168
385617632
35359236
721048155
705798300
109536774
348594037
607926273
654084911
96046015
165205766
961859241
847436573
982688666
672167099
383355642
813009610
792506369
513258962
624239355
496174428
640552822
586867016
505189712
278154088
839233552
266064721
588464436
569530020
239913945
244124314
399975350
88200654
49813887
598777506
686863337
512763802
273004558
210633433
314170216
612467690
796149041
940635129
283114873
224487737
839946662
40988863
291609187
690459015
598166761
69085570
784559713
187808746
778550854
134236434
128576392
701500888
410279100
826845051
72834383
828168353
450499777
125606510
756607551
311989664
20970475
736318150
516350222
333291414
68700886
185146648
446498778
440611776
491298478
430086113
475757232
966992498
329419756
833803557
934972999
962115149
239479288
430897709
57046868
944441390
999214108
861693641
828137517
125858620
429039335
679630653
746794579
691023641
669147615
962097708
343818003
392164296
233805555
651829118
297508797
629029237
740432361
520591358
76228815
751002899
249789650
238000736
36610678
200086409
797930551
474156698
389940137
412424203
750153623
299050014
760287015
443158677
445460079
912506578
941373814
874649338
227111552
131801586
32037540
210685045
781823532
783204444
984023599
612528928
49173707
256262852
667104287
881575856
494560632
3259339
199324969
959569078
383485041
872491501
443158677
277456442
120899040
394914817
724364670
734018400
812810389
408113591
184932848
389401210
210212823
50192190
169309013
200805220
475343095
221749994
173576865
824368435
737855176
449270106
451534600
511007185
65639106
945949990
167242421
309182714
334716177
308887438
396357512
335008021
618367490
920334239
304594244
928260764
330402707
874675501
347068348
786116724
684082959
252275151
944247644
591526478
174623598
390400604
725547208
711457629
702710051
961574067
35370433
392191636
45379090
446581310
497376585
133193029
679630653
562596152
578384724
340081663
19252071
11724065
108999701
726115474
417833708
797625303
125343777
257968009
280262152
379165883
897407249
3754786
872638358
415585218
342462807
711828394
826845051
796183674
352655093
377328407
23281343
133829869
332096416
969474054
736367134
39909897
412733037
450809110
219696872
998223193
398053893
703037316
903742403
831708637
572882647
9583308
950390608
242374479
73854952
605162023
533770488
473604707
123435754
293516304
366982597
30300371
122669502
998543684
238839563
888391868
928260764
111196806
238745217
573697526
734018400
29066637
97693063
374951227
832594965
247778542
145684145
923114
204612006
147455293
46598211
989529520
351882361
238681255
148311710
880801574
911055077
848327716
351882361
553060739
781836716
169896525
3600268
84093162
707187293
903936805
335634387
697055853
21888427
991474904
882973964
965223510
717458678
326726865
295464416
899243027
617547218
376670507
941904578
801392945
301230727
132448217
469430135
654140730
104964567
43841598
914534587
237368529
200320693
901882060
945218995
953759302
870792652
499435902
217463980
179112569
709043253
932241935
227111552
824368435
147165042
294897596
473151743
660718537
211405019
5920357
228280020
462015637
41941995
707683872
800135889
518726821
3794511
151879576
927322882
499947576
860135077
442408066
653040627
64384000
472817993
16265002
321375727
448741391
899249152
675878276
881866544
482450332
429333495
289394080
780437020
560338380
473717637
496668134
165205766
606610243
876570728
565052121
118461348
508222971
26166811
22164239
370085625
280838052
624383170
845079004
7871161
541093821
235669017
929414456
881575856
149094363
132195055
712128331
23641201
929064353
503906095
505189712
882973964
238192020
383485041
737955685
364161520
80937283
104449472
297511067
903936805
55230615
723488735
376670507
79889410
87530401
230074142
65900680
79463316
123735218
713646110
903742403
573084643
128689157
816334033
14029133
137361396
307160747
721588209
713646110
996536517
974290222
678839190
583787226
163967331
211732282
951653667
793843635
126715209
742763690
782292027
118461348
647247946
24595938
952494009
491528358
112834436
411657684
315108791
140223112
82328828
502340148
667739635
633427780
578138365
502340148
350372969
239778353
176346330
962115149
600484202
120997248
26718597
567493762
786337941
34630457
137219344
533770488
335317503
173576865
658828003
114416288
984799993
67055307
53626246
376620253
353346282
564085921
795521508
474288971
899961877
995935920
96290839
238839563
634537822
928946774
707384170
569797662
360228437
897969062
239795221
966384846
777187452
108969627
707187293
810266722
256262852
126644458
67436924
164971565
238146196
4576744
559791718
606105364
119111312
642974809
131482523
227781919
987445239
507047406
492701685
145778742
297508797
663022013
415585218
736029455
746694441
773123364
660722331
911631910
227111552
436802894
795536909
692068835
344337548
116233360
769358778
131925610
472817993
41728745
732290391
709043253
508366530
334065933
365013513
226727966
149963958
717458678
539154655
953066707
470235542
737256632
25708833
965223510
291444726
462742250
961386775
462175945
836207461
961386775
87329916
990355186
450686647
378049697
23204374
770409587
786717647
330704754
400228922
787591416
711457629
139324113
798606284
875903842
381468052
794380470
65862716
482837327
478430000
522420133
299247209
687646890
703552532
762901065
826845051
600846215
897516141
155113791
106681433
497376585
782292027
796183674
399272155
641436722
926722980
400309428
374903402
450686647
465919947
930353508
929787359
561988560
847291142
439876883
187580920
108969627
6542682
214335618
519368766
380581413
710040224
886503306
926153911
529157139
21559268
84935695
949494917
668487585
834088929
737530835
616470166
935349871
862635616
808610440
35370433
991487335
528786157
914330345
239818006
386379049
212230723
481905001
2645292
334097007
820708825
445508020
99133941
820913199
605068070
473936056
35359236
885890659
43023806
366982597
373762377
612467690
473018328
425566400
144414697
76347739
798985363
83166223
520555966
831350998
970970195
393914994
297508797
219770811
776827963
502340148
409559486
440712637
491431837
740432361
627769602
202482983
835123424
795286519
314170216
68635076
809475159
172298738
467414081
503221400
335634387
286719707
994244150
254648065
472817993
274437110
485514855
626356776
78074676
737855176
801092760
967939123
106681433
833420322
348880569
910945550
857314008
910695394
861250521
972752697
228280020
877037356
175599433
452796160
54281213
689576488
830448716
503906095
713082186
376940358
844994453
215714766
433207072
530570630
650156910
515787908
395341789
891100079
618021543
173576865
923861972
335008021
323840239
598996711
496506370
919749637
378311084
61376309
398978267
633895208
199669472
299010068
21677035
775304376
370085625
287549688
146279974
184932848
110502826
801392945
771256596
740432361
481959074
739296621
282743144
503053485
710040224
74458426
700185985
52038663
95319518
894723643
962667190
172298738
891371990
397963714
469388855
590660346
726174886
497376585
562963284
263944525
401492163
443158677
965223510
723488735
210212823
747896814
299247209
180618940
49685623
765438198
882973964
55948499
184705960
93957516
697055853
473151743
92384616
559080874
275159635
881713259
615892413
783822399
836196590
962115149
96296573
602511920
638320798
379984748
177623402
32037540
658893339
801392945
851853053
691185412
598529210
592364931
953066707
781541145
578138365
971870843
263836071
501012280
724664732
31562806
373552318
511022164
271602435
983010749
745206685
525672843
570928296
984884714
346595347
324951746
414056748
551642839
23204374
12838869
606610243
183313821
123196726
560792805
366518329
486242310
912191528
771307280
370085625
455313544
472955332
741671668
373007693
645771229
821815669
905377268
615120545
89159568
16694720
420516272
17853346
364359217
526873243
465590176
653000461
275159635
834332960
183977994
431827482
133830747
889363718
61842590
318899234
314933010
970726916
441057560
143165084
233708378
46346187
964577832
243867520
826352072
175295853
124005569
940635129
706403263
320708206
226125270
186319330
659264567
128684722
523247454
689763252
837858168
998749101
61319465
30428654
578138365
503636172
103114365
116815765
78739694
651606344
57161646
320343361
507540559
870792652
506310368
596870177
991615472
44090716
279440344
123435754
659264567
688628336
983365046
565052121
623399982
248995963
654188211
639647784
466253246
41972357
960700088
626356776
707187293
919749637
4576744
301920901
227781919
62893328
811591895
262271105
926637770
114672039
610578838
90841211
266563535
445792833
688988391
33513968
629043621
35370433
992193632
781691825
214750934
359183150
342661113
451985726
890821003
19123611
435103730
736318150
322286068
71668922
101860108
839268557
280838052
731164998
973304302
109536774
517848075
793843635
906243092
737813551
844210580
640306716
135139699
901136748
274438842
836790545
555769675
477803740
414560085
656125996
440712637
64129419
866310430
509119078
208185492
762756785
800705075
536437938
612872373
612004491
449713403
184932848
741363173
305496470
175416567
796130455
980345575
214897243
565052121
178164176
250842280
213745422
749405464
101620160
711748167
692921213
402666512
759691900
835742921
237675534
645771229
691417702
118461348
176346330
680420460
659679013
758820456
69848429
329281539
33024164
432330233
202108340
329949830
897289615
241655467
512053343
99653198
366982597
85928196
376940358
318899234
772203178
869547162
61242671
185977153
848899021
101376054
99295418
253859213
598166761
248774662
375358834
374951227
649742381
907458104
515929448
188131136
495097941
597939734
503913310
798985363
274193791
780306497
641748245
466253246
369879534
721821336
999488065
545756217
549547779
36610678
163579965
147165042
685875810
384867324
384220624
180618940
479646692
688628336
958593448
593082585
515097541
963581992
234602932
526132156
877728665
540652238
720651893
147165042
975889773
329260382
738215577
716426214
610578838
533447193
816334033
725547208
221513738
951263200
323207601
295191139
56491931
13004696
747443291
515929448
716854898
377660715
965216999
858260569
412241073
312604638
120997248
896385675
376670507
825921389
400361926
989525399
600846215
400357228
751046907
976198533
677573844
806373077
143472146
537096868
829041332
821216825
55225396
204764980
462548675
21044432
100213003
80338334
758859500
693284515
559239856
512400938
357920728
725125489
97729877
167709507
33877419
68182632
50342036
795465306
337857836
330069135
227111552
439751234
915901589
489910402
980153559
4576744
512494022
665940159
44918487
920334239
432621675
945218995
143472146
98213827
29497915
116815765
998749101
700581682
793177424
562963284
68182632
438086873
593477133
133181879
749346764
907978021
862054906
747906709
490994040
65862716
111996231
777489406
593082585
471404576
735937988
2164180
897407249
494560632
197384517
746710357
781668788
626412030
911040292
203012630
142820270
539010981
562994366
815147746
80545746
962097708
865825107
401492163
314545857
354417882
600846215
332103498
850821637
793843635
853180933
20851619
113677502
684224861
643000505
35310572
488724867
953319276
734886734
591507979
533447193
225592838
641322332
710376887
826845051
14698528
119562181
792428413
458274443
990355186
60724779
51309207
179418413
734886734
220937650
77730819
748009592
612872373
509112312
339296070
773414651
994146624
911204743
325995790
118415644
971870843
369136150
434756216
208334346
632367636
184932848
456738607
882955065
208334346
599415995
928095600
436100842
387779858
874675501
72783818
903936805
54421491
450220568
531452965
990355186
749459079
865612586
920334239
866310430
177768286
501468982
193374954
351882361
881575856
904032031
207395328
276137779
121862560
178154278
465542707
63261909
879687898
737239561
176399464
180629553
493083911
289788069
518502818
927707621
436113397
118461348
98318807
746794579
801731918
997485665
958320638
24088573
74314072
914902215
609940526
122011306
907978021
848042164
775304376
985558616
434353669
878461798
305960990
101303700
736318150
466253246
806969287
641322332
273577000
593197919
272478179
3259339
23204374
825356485
285631880
716426214
345926723
818809505
767147874
247966121
758848051
305463375
399975350
600454973
133960191
214335618
828137517
941297916
737813551
107016249
159019470
925732687
12619094
440883350
285862884
801731918
984938585
669865575
668071144
818053529
143472146
457844609
197239993
9457323
17572896
123196726
709043253
541621688
386379049
55225396
890204724
681174136
59413784
522420133
220421336
65930978
736367134
874649338
179461873
680280261
46346187
212230723
655254025
96816055
157918212
408464447
30300371
92922904
399768767
617057265
565052121
9583308
929480223
111791197
42386527
72627669
52038663
448484183
178360111
95483250
968474135
187493188
757035194
840506041
106460790
228021285
105655299
235985299
487745312
996637885
878017387
663657343
323824485
557260300
465039846
892140868
891308195
899249152
567372984
615523125
84824821
518719513
747443291
398836609
4856348
11353063
515929448
550277486
675164700
229843993
29939354
75652033
467352885
91150414
510871246
995817428
900121561
746244150
997443956
727782166
470704414
583787226
460119778
30300371
868296218
743698104
640306716
787241454
126715209
176937693
69620367
92384616
9262289
348594037
107314525
562512739
205186673
939933631
135454117
172722603
454568126
154694096
997638250
709043253
109536774
840506041
399975350
379291886
522420133
59047458
966384846
335317503
76018368
411813920
984017591
672167099
205053182
71855794
154104945
875920992
853734842
753661201
852343959
808321969
927887456
14559699
45379090
844495874
265152588
874649338
589405682
35842040
493364095
541093821
502340148
580044757
601591756
379830267
721821336
250078380
533492672
486030360
400692997
545427899
563214752
861195201
450686647
775644198
208838460
832805884
114416288
780705262
607926273
607926273
42386527
815451462
160092414
777543322
74978545
366693223
209801005
836724129
140223112
515929448
615523125
335046366
469014170
122011306
659151964
381062573
296421831
853848917
464155415
653124568
449270106
462015637
153140050
990569005
55225396
155050242
431947681
398836609
252904593
454514793
638320798
610578838
651064660
125199757
520591358
254712274
471792580
922426636
889363718
399272155
963027917
604519011
82328828
856402701
107151706
721821336
794380470
754285008
509789654
13631164
222192864
276888231
407191651
257006730
979865447
227781919
865733134
324145752
420217209
604465719
736135950
393579088
57046868
67933210
12025408
89159568
149963958
933257055
667104287
221064221
884030960
806969287
618002405
558028797
919749637
790719839
35359236
773142864
812843491
78074676
378582021
326577118
865866627
628272305
908631610
653000461
238000736
176346330
839268557
115441267
176399464
496506370
654759117
189384957
789838836
483471499
350397626
637120437
351687053
893038103
704797728
281871991
142692469
227111552
979444276
478653972
658893339
117696710
183415460
798985363
786822071
177501350
701194357
15602131
777170074
683151080
401099503
465919947
131925610
806649172
35359236
8624163
976093458
33877419
37677307
474369422
75190050
281614044
844358186
361191217
628488454
809907028
699267230
137219344
207787517
408783217
171864072
435025782
788203969
209473903
601306636
286161261
57150404
208512801
945949990
51654214
789138784
411813920
208334346
564223799
911055077
51309207
377328407
606610243
710040224
263795946
948946636
337576503
225592838
740432361
709043253
37007785
841100833
634019245
877037356
376940358
109382408
910945550
627992124
355872001
388536227
478446034
665910658
768596730
849471103
472346630
743962906
988058546
35370433
351867121
651829118
956739901
827777998
177501350
326489358
144645478
806368066
95610545
994572116
842524341
683151080
825197421
653040627
830493475
383331152
256262852
208847131
485663294
40343553
215714766
473604707
105528996
412375583
113434092
752459631
800101744
464155415
230074142
358313843
586691554
445802452
622137608
64318708
618407125
274438842
904195129
71221728
962115149
962115149
850821637
868296218
475174418
26423982
144032893
589806848
320906480
452702645
286222075
76869123
373732549
879088423
972152469
145684145
398053893
290950263
826845051
408464447
445792833
869105127
618367490
64384000
821680168
502340148
371287987
852979613
11924932
229953667
193497230
227510812
103167197
274438842
968873679
517104059
524954849
116073034
178813573
13540239
599298443
562592163
651829118
369673954
370467911
58456149
939116225
850821637
453841245
370467911
238146196
540755151
920334239
733278634
853693767
424406622
984017591
348594037
692921213
449347757
56693528
738300303
512053343
730574511
703970079
603802727
109709861
881587445
93656731
312604638
773142864
383795938
797787355
667104287
180629553
354456425
435271829
93017208
383485041
217172493
286879988
449347757
307552041
271602435
565726993
281339522
54829799
440712637
181413395
158364809
310952156
575314892
238000736
925450589
615576732
346172193
253853888
687767068
32193803
400910122
777489406
381468052
508481200
734562900
919358699
52063912
211405019
693601167
738300303
642945510
710515666
794346538
608943304
764345050
103167197
860135077
787356618
224015416
536322852
674198160
240090462
550050020
33513968
571373850
811203060
897708799
694738798
394572328
96296573
299010068
179461873
897407249
679814620
7016093
134236434
509119078
644108883
336081862
239269453
137040076
925763250
268898987
188476859
562592163
829259760
431827482
238146196
144635096
726175
755042606
24088573
752846144
21677035
871732558
37379408
843247406
697055853
266379894
473407178
960700088
777170074
291224106
17025425
295200641
607926273
145778742
505711643
21888427
185183895
984017591
587175084
697319451
313072097
706025269
897422965
240758522
36053882
463845178
191983511
42110002
167709507
592364931
966712931
531340995
667337198
227111552
211405019
670018367
916196695
637799559
411813920
621123368
57161646
58414933
422025607
26264069
242454164
99295418
598777506
21677035
613281668
964577832
776468400
954835848
512536559
466640981
176387229
554793850
705435226
429554526
786116724
667133054
145684145
436100842
664359688
997167588
487745312
901499520
59413784
116376176
644813237
636647870
495810193
869687059
909364440
399272155
781955045
698751768
392191636
141732431
240090462
90190477
343836483
705435226
478446034
23204374
909407708
495588986
757736832
99623724
176636672
444922645
870792652
798606284
272296358
131925610
284109819
894416410
193867128
623854658
20641847
92394308
377583141
700790813
927361291
847727886
736984195
693183847
108816307
509494546
82417967
439229101
309721730
915183240
227781919
452339554
800705075
41972357
973304302
408464447
86105860
95371861
1567345
417597700
723488735
401492163
724164356
742953964
416029205
528928417
121300667
853180933
211405019
558670625
36599583
855068306
550047323
317335638
106681433
437054113
450580272
847436573
710649931
145357199
501443679
401492163
337118934
806455386
710040224
705554573
46346187
800569942
418525997
773591468
145684145
667104287
112844523
225592838
21614527
929064353
10585415
630474141
281728145
159820161
335317503
953777938
828137517
952404744
844987507
430340728
438892924
861693641
369954215
408783217
591503810
687153612
45379090
675468332
111499060
516268216
502965274
24595938
72424970
35359236
392359727
108969627
96296573
17572896
125449348
390290764
649357346
659151964
11221324
81600738
372875735
706403263
149361779
475191198
416920628
104259980
61602167
919854381
422713725
13199699
23204374
487489963
562603985
602511920
125219352
235243135
134236434
681611934
573812924
838208983
959170480
233796542
122175034
281580196
688628336
675164700
94122143
602955018
597049299
642945510
642777371
243072149
678381184
219092906
684507728
644780896
771256596
88545300
88200654
409884494
210212823
700578515
263572919
670565630
414416229
293516304
841258873
880430314
716426214
919854381
764676460
839394258
581493045
512536559
389663582
838605325
57301792
782292027
538943182
177501350
518145601
478008503
557760157
414416229
558937148
398836609
249479553
770400579
24576500
100665995
789734868
709457259
276137779
757173432
320461879
881653297
694738798
559791718
440712637
624866210
607217673
640306716
415119285
489861125
179112569
378049697
683739396
109536774
424486300
530428231
88570276
312489193
572125326
350975852
333291414
719664560
133960191
60137008
422621190
218570581
371331462
421269492
588380830
235243135
738300303
286222075
454514793
705868976
716426214
563681096
270926721
593471005
169309013
212230723
740432361
112038571
868296218
494011428
21677035
78074676
970605403
233602229
408056084
267968638
838174071
907798244
909205323
131925610
361740143
279191304
903610998
919749637
736306124
152796474
228280020
217928361
100733047
755417239
195985978
700790813
573084643
683936987
293516304
743422445
126715209
134362347
90614803
801988824
101376054
479207744
29939354
155428989
921200944
277456442
9166841
126715209
517783923
773250369
689025524
9583308
482500252
110287241
654069055
869206914
369841058
393216116
111476937
603064459
295191139
368253150
983432325
17225928
878443414
984017591
926348270
520800975
107151706
570061835
638549886
148311710
289639621
204701707
554793850
605971282
920277959
928565701
385470330
297511067
72520994
101303700
370085625
615523125
10108138
465635520
112302804
879088423
149328746
624262881
378102640
948563971
244927101
688160114
204500242
217049223
206080164
450493411
442330615
256262852
24595938
9257333
632114461
381062573
800705075
879088423
78739694
743422445
641756924
632942694
36610678
286317162
174623533
238628322
228031807
285631880
103776695
183313821
783331591
404592742
512453242
193098726
536322852
31664919
163156363
906027763
652810461
570205325
304324609
977468436
2677514
420623055
800705075
373732549
144414697
639011429
778534400
820759203
56693528
783903836
19252071
323840239
753814425
819230817
272698475
640346443
25141346
665940159
234941762
851952119
468261811
465919947
219273588
894761491
909634939
658893339
820913199
889176815
108538004
241933296
308417255
810059
957483805
764032442
385888941
607926273
328769402
238000736
870792652
373240248
773144953
449270106
966384846
215714766
180737333
248080538
874675501
870792652
687153612
87593126
881575856
147012789
793843635
801802675
314579493
583787226
819531219
679814620
919681568
878323612
54829799
138620677
309721730
376670507
11438040
735989535
540284898
436100842
132662100
442330615
509119078
240787266
537548175
71408890
625118431
208334346
106453566
177092928
820759203
250649597
850821637
215924748
907578933
777170074
944618732
632802583
270364981
33877419
33661026
917644539
76869123
133939059
954683749
963240947
460119778
209494850
129922446
804866124
647774102
242262366
588464436
496629664
113566350
289493531
561749704
131539867
841641469
21936171
916196695
295191139
386379049
156386165
939432894
780552174
239795221
778493168
475396287
236944828
761018343
880448817
72834383
167502842
392768376
333291414
137219344
990355186
683739396
921970087
537548175
239795221
612458407
657900497
808249903
687767068
874822067
286222075
124498280
874536172
911040292
662801895
747443291
512453242
62423131
604637464
724364670
958320638
57046868
836399030
289493531
211498007
874649338
16971823
628681331
109536774
794090890
652083606
126644458
126715209
179461873
738080910
999214108
698768581
701919037
150640236
811165533
464155415
653040627
990569005
35370433
24578025
997579386
535321049
176399464
549536475
121849097
811509346
256262852
676133149
705868976
474394210
929751103
934515950
92410606
773325492
65862716
969474054
149963958
493875611
332274845
979444276
137094526
662667194
515472942
702236009
137990881
709468486
189037572
4856348
419659052
706895140
679965117
657108727
420076621
331099666
605695483
209494850
366518329
164220709
982292958
804200565
573861741
749176808
21888427
547830080
522005283
673091864
930104026
881575856
590011675
227781919
879088423
496629664
650820764
499815913
686642539
369841058
242374479
114556835
944545700
114416288
382888497
562592163
47029773
136508026
738194187
230986575
20201949
653124568
686642539
809475159
858356331
459201639
114416288
844592289
851816643
138319388
30271589
449669337
896145732
840506041
123098338
620493791
210212823
682881207
432959400
23785640
278098144
216654626
449160631
119749758
597779134
230986575
580076183
18024600
256524166
608943904
579432275
547785111
668797788
920905042
655645046
653040627
52945960
187035986
112033798
150733032
723528265
5909106
181422718
144645478
733045483
245316526
937487264
554409945
435200716
41972357
274410781
986238370
57046868
869231904
815076289
910074056
526280290
72834383
176399464
43616181
196418900
594362757
916079643
650366414
902801961
414416229
798606284
876246893
460119778
174623533
535455686
182336340
400952132
92384616
400910122
874649338
509112312
483020060
342578626
815567512
662644505
126644458
112672842
40285379
43841598
21677035
553317351
572349412
919854381
51047995
930749678
629633294
136466111
521472251
866310430
530076167
23204374
324064444
902057663
18024600
345597824
95640718
140572988
982583653
890642904
443158677
125858620
953516289
86477014
514953757
929064353
268043595
52237412
629502754
463939738
576527392
17572896
781836716
106460790
682130870
189017003
679814620
490298436
53695012
312604638
399272155
812843491
939106453
703832983
821815669
877728665
934819390
785761383
12199361
535899562
268264159
592364931
550050020
867779043
683739396
536322852
902464625
725125489
325553216
318747116
978776461
11181497
5971634
318729335
274437725
958320638
271602435
679424576
529401619
64384000
93277558
737239561
145183898
941955576
781823532
621931742
55225396
776929249
206070664
583244966
65926913
444922645
86011402
351882361
221513738
880089421
376113766
399768767
542630569
785679756
331266984
734018400
305463375
984017591
398839055
106235129
623593329
825273845
535667402
585977585
141183440
33877419
885627952
690149583
871380536
900810275
792746187
154189489
450152725
397517978
615523125
826845051
86219078
175826172
882973964
880430314
736135950
45379090
444896110
793451328
293063808
337576503
380345191
438086873
8248019
400328831
193374954
147157649
8818962
666746175
314079271
167502842
427364008
664684051
636507501
402492352
443672650
92394308
185884601
660157880
793451328
601580728
57046868
285455175
537096157
221329073
778330295
160460330
122011306
466253246
430567575
717458678
973304302
611212201
776468400
449975632
240033156
65930978
99653198
243991195
610551605
798985363
412529938
881713259
958320638
533447193
820386445
587382347
697424980
490614928
51896177
764676460
239778353
227430158
466253246
625832595
316391589
190902079
411813920
794380470
330729978
889501768
736156429
159128217
408464447
917644539
418099722
958654776
178068105
869206914
594442704
442232523
977581531
297508797
76354026
992193632
852398357
45771509
933586561
66788125
853693767
577553615
844229547
786832717
707806073
263259990
51155806
382563264
436023084
512453242
743206734
114504534
778520844
470704414
297511067
672167099
853734842
819273328
354485965
556088465
628348862
805514067
974931329
24336229
840697771
674007615
991128625
467467188
783466157
342578626
810059
17853346
648966020
626356776
961386775
30014897
892404795
975889773
64178554
407154567
55830725
669399741
105338821
613281668
351687053
617057265
658893339
653040627
297508797
860408654
145183898
132880783
439229101
40436542
314933010
575849901
118461348
163668025
66865196
193374954
469942989
330402707
290386349
522643965
66098879
928260764
352271176
505189712
211561460
6542682
642945510
123196726
862151058
920054591
701967303
699065574
326948134
209473903
511037354
86477014
82626312
307160747
624932921
909129433
103200668
23281343
306555371
408056084
78074676
946134400
809475159
990569005
95140134
373705048
575440052
245857686
393000755
467467188
112834436
786116724
107847801
116678760
35370433
86477014
154392883
572125326
138314057
611513107
522096535
788877707
636493592
397952864
525921886
444922645
392359727
623217018
252904593
380746380
946897559
312166054
479974617
362793091
143472146
350897660
235985299
444171373
228723957
496506370
687463596
825265729
324326280
736367134
226727966
145566306
540741503
293025024
977128089
21498768
960269466
965223510
811982006
145731581
437060354
662644505
708457550
916196695
976508065
928193994
706403263
48717960
647039410
635345155
193374954
869206914
706848630
746694441
900076652
869974009
470908106
974118827
180618940
12293720
19014256
33661026
737932048
122494337
312604638
382205953
711748167
883023310
52410152
95061412
631432960
429730932
215114067
89565885
180629553
181431527
751827064
378311084
990112047
707187293
589405682
176346330
180737333
519390725
58089818
652810461
35078532
495588986
658102973
383485041
865772757
686642539
203086827
690597023
37037948
350397626
358592427
658376109
892404795
467352885
793638845
43023806
163668025
879631007
119035365
68182632
201795479
632367636
657104126
701219850
112834436
272478179
247946989
176346330
320255447
288955970
533770488
525954457
263836071
807867334
971870843
229238292
810765993
32037540
875618704
594799651
520027331
297724432
476844735
679814620
72837195
144264595
788052706
6988148
223071159
934809252
751939593
273786986
875196849
333764946
430632776
127029690
849471103
815661657
712563354
634289470
743250779
757160710
255601987
751862041
957467209
73304813
853180933
149094363
890642904
765953010
836207461
469942989
846662250
14563564
57046868
163967331
127511660
136528615
64384000
123196726
412539169
916196695
995935920
433717325
880460736
796183674
167502842
146325959
804956154
413686625
301455227
787219780
299247209
424671767
183537952
544837465
780437020
707717762
712763413
961965022
732507720
310138467
198443511
733045483
58284399
63066646
259677758
887088617
165911573
469942989
657299081
502340148
548153880
511297383
962115149
488093997
762326765
17535893
402684034
696995692
595993679
146962945
333291414
107151706
316391589
665503480
17572896
235985299
916196695
433579755
469613611
126799084
890642904
917644539
437498344
237961743
51588647
844210580
469613611
929676144
959170480
929064353
626356776
121589496
55225396
396529959
578138365
30300371
792506369
243434378
862286996
439229101
95277751
242374479
850247330
654069055
309615621
449270106
281339522
7016093
615206993
214335618
763074256
965216999
818476444
92394308
810059
34611578
226125270
498951444
821815669
711748167
557880538
370467911
462729709
229101998
75190050
453841245
953958733
903936805
652256023
788075257
512453242
965223510
108969627
114672039
683151080
12838869
776439123
330458202
522420133
940521027
841305218
783827801
326689652
349729557
139175398
969474054
6006932
357707082
328029928
273923282
589405682
626356776
509119078
979662534
565052121
539893964
567636810
80393989
449270106
262037476
758577949
290100785
21888427
923861972
191178707
797625303
817707979
49685623
856552343
538011811
547197340
819570363
990084012
425022831
781836716
675005147
46419341
796130455
471507619
687463596
722311214
179151417
938247379
573365014
147165042
562296240
556856794
461574616
465919947
950998666
464530354
36992947
95602205
179940170
12838869
391839945
489215532
830293674
786982807
68211883
76298939
14698528
299010068
298662717
717166560
625003825
460544464
297508797
122011306
489369569
683484107
711748167
728462433
736306124
47029773
972399974
783538452
411306706
180737333
878323612
188202678
966384846
28661026
725125489
977911889
112038571
64679294
761002415
882973964
959170480
129550258
544493238
323754793
83846930
872172771
578384724
896249180
867921744
430880977
3259339
280039794
350397626
238000736
287223128
30300371
792724065
43435875
727548764
37379408
112682540
580977561
550959771
21614527
721328190
114208514
450220568
964577832
323611069
598807747
214750934
76621369
251831663
363414446
984195986
452383778
274424143
130381774
161790571
672167099
493083911
787064319
371148341
547825746
588464436
801988824
700790813
720739638
41972357
636984701
793645633
530971643
398559054
102885096
442330615
270535938
5920357
125226034
110580088
797766938
181888127
122956221
701219850
966384846
379291886
919395300
173576865
592364931
876573706
235985299
513353483
180737333
724077968
407007855
919375867
59047458
353265980
928193994
640910132
441828674
276137779
299050014
853848917
193750863
938312193
781009500
160209989
132813045
800101744
62033936
909799478
777543322
299841073
649243259
72834383
276308803
576956781
427393694
7074159
393216116
113177024
611298037
475343095
16871836
638320798
984884714
716426214
583787226
566749337
442330615
838494041
58604292
308843034
196629566
106260107
46346187
617829091
712390078
73012502
429333495
644108883
404080243
786486690
335671392
337612351
771447929
135822401
991128625
781836716
599298443
36985107
949623085
52410152
670676559
958932758
113773759
10609153
485663294
55492015
280407441
267979932
244827479
122048231
802386463
694738798
606740511
878461798
218336750
38071782
115968102
899249152
645359768
431827482
457739582
801392945
963462544
50192190
632367636
362382282
524664694
104666584
204707097
723615257
35432757
88881594
628975595
719454562
114208514
427719886
510239713
546305329
51155806
66233789
101303700
990348050
253853888
503906095
829525936
902013754
82370092
279184268
338226474
895274154
101376054
384095346
625118431
554793850
304085697
167709507
608278692
15216552
615523125
112866453
15044041
408464447
661168254
962097708
542650121
992345107
761018343
606610243
181888127
678312952
20970475
248284760
535297575
308552091
741864986
30014897
576923216
217908123
979444276
588464436
30300371
178813573
847727886
382944984
825458673
386379049
917644539
652692820
781823532
72180558
516609370
10476845
645771229
612872373
809475159
93923842
101860108
287514998
494560632
310777499
6069914
14084190
317159276
662291439
689025524
822795140
317159276
9262289
318899234
906243092
963027917
892404795
216389536
893511188
572882647
370467911
557093267
49813887
802466309
270419817
776828053
861817834
48318636
493249667
249584722
242374479
686792615
917644539
211210422
200056161
158247712
998810093
155495229
946886213
360890560
76347739
436562488
894318381
193497230
59588929
331297847
769582661
337576503
147333554
140223112
17853346
470704414
736885148
179461873
673529706
658893339
559791718
284799273
378311084
865825107
875920992
145731581
49685623
226893415
529989925
761801560
23279057
161790571
362692531
65930978
312604638
743422445
309721730
47671432
669624250
713272227
766624097
259677758
606404121
613704544
420810178
378311084
255220523
122665028
862635616
178925556
411813920
617526517
787194550
649410426
645977736
503539562
884178624
35370433
981372958
422602662
594799651
163377308
228659302
644108883
4856348
25141346
373820604
361231914
829975637
567689400
857586313
743095588
238839563
591780160
359269526
219286074
130832199
372761092
171035632
86023803
239163853
447936172
746794579
443044285
501075015
455309684
882973964
762326765
479059000
881588034
956038389
63465245
75190050
984017591
546554499
970726916
995935920
189384957
550277486
65472490
672167099
841903259
920868421
453908579
119178764
291444726
638429823
542650121
820759203
777177505
172298738
209494850
655645046
746694441
145731581
281339522
62132741
962097708
467467188
484291960
740481128
853848917
986711137
365046908
179151417
417936384
19276133
21410734
709043253
489899433
475343095
397287981
36599583
517412697
441674609
602511920
689576488
937245510
307552041
272861598
405118863
985629805
862034092
822373765
424546191
184932848
246741703
115847913
882973964
946756570
466517853
670018367
662068074
89159568
869206914
244439522
725125489
118461348
27559020
45666270
889363718
59413784
773490277
400910122
890907342
624262881
978013046
26264069
675164700
977468436
841258873
408464447
657900497
119080934
130555212
370085625
530314948
3794511
37722883
501880959
416021319
720020351
562963284
677329296
801988824
400446385
314933010
171086495
387833291
781836716
214335618
203027702
36599583
707187293
378404782
923417885
706361472
709154810
865909273
642945510
174623533
60979613
656271313
684507728
241036709
876538301
729406683
778898345
615576732
564338578
980663610
344274059
187374311
8375093
688988391
33877419
955122714
700790813
915543776
253386556
590055120
909129433
12838869
853180933
174623533
510871246
158247712
140611707
540541425
158185470
507886489
874836097
844449968
690597023
576147250
543976434
105525159
504386553
925732687
373007693
105984160
564086031
728252485
285205573
498000400
636333873
591152842
4576744
380283496
910945550
917761214
953305074
315003789
793530877
115491971
370093183
306972045
227111552
470535255
349771866
668017555
183589099
579872337
777177505
903936805
181355083
179112569
257653285
498386096
375358834
180618940
35359236
249551633
86096398
116849946
726174886
297511067
756187494
309721730
201407277
193534254
738300303
554097174
442095177
812081567
26909062
205616613
295191139
930072567
105715799
810059
777177505
866310430
321294587
644288069
891455416
23204374
78074676
449270106
510623799
247966121
529996947
399975350
990569005
299010068
482500252
687153612
370467911
263836071
768458545
740939240
651875778
539249704
822373765
910945550
959170480
67184770
168335279
249370908
862478127
201795479
21677035
234602932
836207461
41941995
917973345
43891783
615523125
558025231
97371910
702145545
108999701
795527396
830448716
766341334
513387566
106749749
299121613
637488760
879668555
147165042
969474054
35310572
627970313
434756216
97418868
746694441
766624097
117230483
965223510
366518329
59326948
228938626
450183220
861770042
953516289
147165042
104132482
141567200
977346921
489440296
35370433
770409587
289493531
411813920
736135950
659151964
940858240
485447347
318696259
20997302
174623533
802348052
253434148
300772997
382563264
618367490
163967331
590476480
647039166
937282345
110050844
89748373
823785235
272478179
57927957
953516289
83321895
89745532
111782206
56606323
982220412
598231889
490150433
341091208
965216999
123069292
155085554
622137608
178813573
66788125
17512475
450809110
758794582
128365143
144414697
18024600
489908497
453841245
717176172
163668025
60540843
991128625
205186673
511390988
577919507
605162023
794090890
618367490
624262881
123119369
469613611
17853346
933987170
495929278
434756216
158469808
892404795
882973964
998658530
180618940
209473903
877728665
386826638
445289347
790339061
551039713
230986575
319363220
291224106
22164239
984017591
527599476
502340148
104677076
621123368
86168713
562592163
969474054
69620367
178810514
610578838
588464436
63631549
565215017
67797053
378049697
177501350
591729387
819205623
465919947
997285592
786832717
227430158
823785235
706692541
500534116
322289620
46933939
6006932
890642904
657900497
351882361
603783177
399581650
123435754
626356776
850184154
472044475
851446127
69711140
614203624
625787783
372132216
240486446
74986619
214335618
248219208
444922645
110287241
377576525
284867844
163579965
307318254
125199757
841641469
103540468
932427742
792921337
476772772
169729552
51155806
24595938
214897243
279184268
178363713
201037319
631624101
948095776
178813573
9583308
475343095
695393521
179151417
741000000
448585211
736306124
792773158
396346931
806368066
338579883
902057663
101376054
25167924
800705075
273978408
919749637
847727886
877728665
925732687
153101610
68182632
736306124
285631880
726108240
35508302
59047458
8133670
407790697
153312655
746694441
148542084
287935117
123196726
129215878
974790197
804222070
103167197
697055853
101303700
654069055
478415490
273618763
235985299
994320286
821622986
401492163
735260874
138109958
925763250
167651417
859593186
275159635
49851607
361715823
311250979
348004269
496974439
631432960
777170074
630520320
376940358
273875119
43016123
163967331
317159276
230084392
636800958
44261375
408999679
50371573
80871414
768196238
239219634
705973245
112834436
435678653
138853206
178618762
602658089
653040627
887504671
861770042
756024181
335008021
322361548
68182632
647494514
456006822
629860019
893861144
491431837
238839563
484052570
472833233
626869765
695393521
61242671
312604638
314170216
472817993
817588872
943707579
701031284
804200565
442603434
273786986
76412049
841258873
224978574
583787226
114370335
723528265
356553601
728517462
44577251
310452610
137956697
860135077
926637770
902721418
210006025
367332807
828618233
376670507
695855993
43891783
735524772
760968425
131925610
845423554
890821003
628975957
253853888
247966121
124067277
752594999
947207935
145731581
330402707
851632452
17535893
380914557
872212071
986819219
534625019
191273216
798208103
985629805
293346763
850821637
798606284
167502842
525921886
440060873
707806073
559791718
723488735
759276474
337661078
10574419
179701304
331006474
610578838
800705075
94270358
963050649
469942989
273978408
182377657
172298738
260883829
21523250
684481079
69620367
562471006
966853903
107611240
529157139
983010749
373732549
841641469
817596390
293929435
578384724
499746308
573084643
30084348
548817941
968904412
697055853
416021319
840506041
588104107
193988771
33513968
179420672
475410306
562963284
349771866
655645046
975002723
346627363
940098079
811373263
375793978
163667038
865825107
906383457
288971561
689025524
582948515
306075763
85077769
337576503
743422445
86477014
21614527
524954849
723138582
472833233
259079934
407039762
583787226
131088700
84411738
724364670
184932848
745992225
885627952
335008021
493268921
570546981
473018328
36610678
853848917
540741503
18024600
688628336
165966129
941780017
749346764
44902871
891371990
473424099
23424487
605517163
703194586
62493376
993984837
377328407
853848917
206662369
294897596
228280020
663426916
702587884
373490058
95602205
289493531
982292958
712323620
212951777
638917748
545427899
891308195
532116536
145684145
112837839
816456835
618878023
144414697
550917966
99788765
465316283
341891406
492287059
16662222
263836071
253853888
88881594
19252071
631432960
518726821
40443247
654069055
803524393
613281668
142191286
991128625
743153323
929064353
859008549
736306124
307558095
854613829
918490937
496506370
227781919
562512739
647394456
11075935
623593329
778493168
421117171
714706199
171920256
522420133
373007693
599265897
63516527
183589099
712790844
925763250
638854443
178813573
36957677
793843635
309297142
18025455
928155560
36610678
965834330
856452904
446498778
811802977
790689379
643766687
819998525
599298443
495820323
572125326
450686647
154321929
256262852
868296218
398986948
349077829
723488735
731585569
610578838
704591864
494706867
617014320
17853346
309068721
558310104
381468052
179151417
600258811
944618732
75190050
371531309
121885254
240090462
250272115
163967331
112038571
160251706
865825107
489178657
712128331
39510989
847436573
20647039
82723526
145684145
512453242
474681988
777156217
618473886
829041332
112834436
653273320
240566525
107151706
116849946
642974809
839268557
221513738
557093267
753814425
944939101
698268032
84819344
480758418
674749138
215714766
186054649
890821003
272478179
76869123
335634387
703677805
578384724
624975360
227221667
932410776
919749637
970726916
665940159
791164818
784109196
935349871
725547208
642945510
939106453
404589501
495283901
171614424
243801800
964577832
286719707
128222217
104855311
21609000
857314008
738300303
329308369
511207812
427783971
902783327
88570276
20970475
92712575
293249469
610859367
128036923
343827057
801392945
379291886
348594037
8408064
352137798
257475704
801988824
564872571
485086938
766624097
782217139
745288776
684224861
344487273
625469188
206662369
56491931
95025559
688963711
206434074
745071296
472817993
816413467
695697772
469440227
92131552
736306124
66098879
895082242
114365119
945167679
205505507
936916896
76347739
926637770
706962499
493193874
798606284
812269666
577628270
977928967
569530020
723488735
984017591
289788069
59413784
840004390
178154278
901913185
112834436
411813920
259230965
451985726
65862716
440696467
501075015
238146196
257943189
249378966
511862550
871156994
579021569
886064808
794090890
999032130
978803277
598777506
800928751
217440813
376670507
756883326
654069055
324184733
897407249
587750174
990569005
593239126
299010068
694738798
939106453
645977736
4977410
584484061
878323612
464262518
767147874
415585218
439020127
968873679
826845051
806917800
146286781
657734046
756607551
836333132
209473903
778434004
133960191
66788125
257891868
110378349
356047533
704998735
45487272
792506369
849471103
903997078
109536774
958753299
753814425
516350222
757160710
990355186
192565423
476844735
778919261
207682031
339762888
46598211
830448716
525921886
940525552
850336040
34723084
451680782
936592124
339796720
122846664
984973415
116453673
185462034
314170216
698751768
774442297
3794511
978253189
789609376
399768767
645590643
562512739
430835399
841641469
360601863
216981257
866185505
637120437
85366415
614031307
564086031
740262295
705973245
448524591
662644505
103167197
366518329
88795259
30159921
147165042
643000505
711609156
654140730
258794126
324098303
338579883
990348050
535984237
642729234
596561172
37029938
139065934
867921744
475191198
252275151
547451032
176399464
665940159
478446034
19858129
557165108
990569005
982292958
475191198
973304302
354417882
21614527
833323675
206193558
766624097
490934920
581117479
100770088
957492416
576792183
657734046
174623533
469430135
288621255
460119778
186626796
973412335
33661026
938370519
550050020
309721730
254117062
351255704
286879988
80548514
949502564
726115474
867715874
196912668
87533326
17860489
10322877
660873409
360164451
383485041
103167197
192356752
141619370
521934137
140223112
281339522
74781723
395767765
412375583
533447193
416139244
236391323
34563188
418674593
917633947
70739389
24814000
69416682
289788069
240090462
786832717
451680223
802348052
491613239
876010108
35364253
845838384
994573601
293505033
180618940
882973964
736306124
877696427
651545574
159128217
911055077
689654216
24845036
900957039
310741720
775537544
326251455
794148832
730236584
423692684
307552041
158676222
194804036
657261174
210362498
612872373
291138946
489861125
970726916
644400823
179133750
125640443
52945960
243811110
756607551
547108811
439413660
425542503
596870177
272478179
21219195
145177471
417510635
252957473
376940358
607573158
196538611
672167099
919749637
605162023
469452853
840506041
988286962
209558262
101846791
33391741
962115149
602658089
923861972
373732549
129131283
341644214
473717637
20890157
330346638
246490785
95647095
567438001
341744282
763360881
202378020
653633796
145778742
511214401
52062122
235024758
896249180
217291227
211405019
125220113
769860846
795686194
52169114
180618940
757410967
705274395
378134814
903742403
244228337
890767879
272478179
809475159
678322058
167709507
269154273
496506370
385320517
104652796
839851991
943707579
314170216
389399636
463197813
890642904
234695149
743068219
401199143
573084643
889363718
684507728
981455717
469499168
623854658
726115474
108999701
209473903
137219344
254281287
937124500
827663080
155690680
687767068
913443702
796130455
482500252
23281343
593082585
300044486
432595369
231073980
28290450
723528265
75910669
510969001
475191198
925732687
658893339
524006994
564086031
394273274
409544903
782292027
477562127
125199757
481959074
179151417
662068074
23281343
549019358
91198158
381062573
65930978
404589501
80105199
51309207
219037613
313940408
348594037
451534600
643736857
881713259
784382954
890035737
436100842
75190050
36610678
64384000
28991947
830514261
493312404
835722071
774691606
465919947
621123368
376572304
689025524
292646000
268707044
464072089
217198990
376476241
209473903
932558303
733105529
386379049
962115149
562462217
630474141
187884618
778534400
274438842
563359964
568626117
52038663
52169114
472817993
308059958
201795479
911204743
924529498
3259339
131925610
598049713
291444726
648190372
617057265
45379090
275159635
777177505
203557040
788039347
252941557
984017591
35359236
646620834
853031343
247966121
814892444
462861267
541093821
348594037
171864072
746694441
608275749
174623533
526390254
325231469
366982597
17025425
338383118
168129885
598777506
743422445
550277486
959170480
878323612
176574166
675836802
782217139
357307672
333158449
707187293
691010110
581344892
41143832
159128217
391744289
299050014
201689639
985866409
780705262
159128217
499159333
794380470
393216116
399272155
239778353
762583826
617230530
430340728
608465379
733045483
220776523
558018439
999214108
17572896
475139200
653040627
405713863
700598897
581436250
258653190
470535255
874675501
972760189
899695675
126644458
593082585
921275795
861545286
464155415
414955971
509107162
433207072
695393521
169309013
131111939
831848360
953516289
906231301
78739694
210977537
28408229
433243114
496506370
291899873
286879988
963713247
504245950
101860108
468323510
227111552
227781919
280295037
993957815
422029183
771447929
324379872
383485041
191454809
265002943
457279683
920707296
337576503
790838134
105290736
855785785
354417882
903945003
122031514
182411578
697055853
703659119
142562160
358263289
374951227
442330615
429039335
101376054
421043496
84832793
434756216
179461873
350372969
102166719
723528265
541621688
936606854
81979564
101303700
114556835
629817142
990348050
853180933
701865093
381062573
72959579
943100478
232287011
78699886
937572137
201037319
572882647
382563264
436100842
378049697
89200314
939106453
59413784
659151964
881117554
30300371
962440443
414416229
79139461
110153543
226727966
63631549
960737878
48195590
757160710
469942989
613281668
550277486
804200565
630474141
136595110
807102757
94925989
17535893
147281770
990898136
335008021
809475159
308749309
158247712
56491931
705435226
598777506
272859885
489861125
184932848
917267515
887326591
858713502
535082643
943603032
103031726
821815669
966384846
8375093
99884502
399975350
115507508
54168218
114971148
51047995
136634193
535455686
637032957
408999679
916497598
851667048
207031829
825739674
645771229
405383695
140842104
717458678
881117554
514912418
521837600
64384000
858881897
961232881
150733032
643000505
675637963
70894144
181423479
21393078
265808151
75190050
695820079
611192873
38149262
397356140
443158677
74124070
726115474
922267419
57161646
599298443
488470232
777489406
499435902
778493168
61242671
964307857
318899234
884550362
415589544
869206914
21888427
61242671
83178003
797625303
212230723
542666161
518368051
238666149
679630653
180618940
642151259
339694936
22164239
292855432
602955018
692921213
412733037
617141921
476856592
893352647
689576488
828618233
881117554
707187293
270038637
444922645
823785235
416148422
331664715
178154278
487456818
582117658
715044210
228130446
829041332
896465363
445550991
220600468
778493168
154421683
853106551
54740765
51047995
131645759
736318150
980670543
926722980
113677502
47236166
725547208
813012232
60627562
939106453
687767068
475191198
235607654
826304928
777177505
209496520
975972254
884737908
254117062
143864330
182876462
3379073
815080635
529157139
57002336
547090746
576995935
341950447
254117062
501475452
992966812
408999679
476236834
751939593
130655381
238777378
114208514
34723084
103114365
46249685
30014897
593082585
37482715
679630653
100705374
513353483
56491931
524954849
574410535
806969287
428002383
496506370
205763383
76662878
817487175
977468436
773733417
408514684
686831095
268940787
67184770
393000755
449281418
542650121
178493454
798985363
91562095
841984275
4576744
663310882
95177475
140223112
550873589
489908497
485400797
915923975
545427899
537382651
436100842
204119547
32037540
602955018
29497915
596354961
315011516
360187447
475343095
123735218
615576732
67184770
405431622
262799863
556217417
925732687
14715586
677139431
291444726
16662222
27329541
803985026
449347757
966384846
279191304
299010068
508807810
482268564
398053893
529401619
382563264
513191842
559791718
821216825
778950166
123735218
144684949
145684145
496629664
456272305
710040224
16662222
129347868
149771907
158247712
299050014
43128427
985091437
33661026
101886077
324855213
892404795
566517824
589806848
605162023
504806216
802911130
688628336
116815765
184841017
3884263
95602205
629696254
557093267
822373765
509221491
911055077
165205766
799722096
115209305
130966690
470704414
698751768
308677945
110038450
496023032
647668887
522420133
96296573
29939354
186301606
108321261
51309207
599328299
115847913
616417463
964850552
822373765
261944120
326403369
484052570
753814425
125858620
244531180
909129433
489178657
421117171
226125270
460544464
761048966
238839563
104898026
125858620
182493303
698751768
44468059
79989275
736715015
596870177
910945550
131938640
193638107
614729980
22263809
725547208
798956756
116849946
897407249
149963958
131202055
23281343
807745220
393216116
840011308
127945501
759367256
17512475
131418833
800705075
93656731
919854381
420611755
527053902
453088808
726174886
742795965
89506455
469927884
291224106
766624097
101303700
806368066
189805543
618103147
949052564
945487605
14698528
122011306
963652353
963027917
400328831
269629729
89748373
797625303
887972073
928193994
272859885
442330615
149963958
59512658
78739694
969710308
978357123
612872373
776935609
755947900
602780
908571193
310604007
86651216
65119768
771256596
195486303
155129711
717999434
111892953
743459232
310882826
309282545
106681433
771447929
686712458
101436317
371532356
868296218
871272470
50546695
771447929
928260764
659264567
214131447
95177475
455335284
813009610
101846791
435491588
995935920
695393521
924606284
373007693
54045866
79860226
323611069
804200565
87408263
9442414
690597023
755443649
604192298
416787389
487041820
808870808
984939794
166142129
98573428
703194586
495740356
469430135
276137779
33513968
583130353
125219352
129242825
399975350
463133317
841641469
114672039
824273843
193534254
436109595
209473903
106681433
746794579
662644505
12169944
522420133
35276295
154392883
251303021
726343443
796744345
190013380
105047844
442330615
95177475
363673501
606228907
370085625
709954309
120983975
711748167
789305092
374506641
309483048
813012232
228021285
512053343
986819219
618473886
135244609
910150819
960700088
877728665
800616119
446571612
51850363
414539933
16662222
336625211
57766386
798278278
318261814
773211580
580532543
334836625
369954215
111408526
767328945
19858129
782217139
46346187
419233264
847727886
512053343
88881594
338579883
86011402
448209928
414416229
176151355
781071729
145778742
17025425
374951227
59413784
277253293
452894822
291186758
51309207
395820522
874836097
360601863
363873279
79139461
618473886
436884643
752459631
422085214
611094116
33878156
612872373
999214108
761066668
686642539
442330615
112423673
505352389
407591326
801988824
879668555
14698528
390997146
550873589
1316576
177501350
607926273
878323612
45937138
140141852
280039794
876846536
853693767
635609191
861919591
225592838
299199566
78180138
853848917
23281343
56693528
657000540
393216116
277456442
706403263
725220232
847456552
51682522
734018400
54512579
98007528
275259555
393710231
137711686
87802173
409884494
773490277
818589949
383485041
271602435
541621688
881587445
536616023
711523352
144109010
963652353
377874100
676431835
164794741
688628336
615523125
351882361
99253320
66320483
417819826
103167197
502340148
389112947
919854381
282840637
697055853
92394308
231129189
257417619
868296218
439761097
874675501
35310572
227430158
866310430
100654046
549070247
346012275
442095177
64384000
473018328
204500242
453841245
4856348
737955685
487690373
821815669
520708267
32280827
70400915
237443024
728766255
21186385
114208514
14698528
150736576
313041424
137219344
849471103
453134460
113677502
927887456
394383441
645771229
570127725
573127983
54014416
75928378
226125270
103628177
271602435
891371990
815061033
366982597
558028797
995219075
692921213
366232241
275159635
99719066
597742969
664243050
638253389
865825107
103167197
506068257
27160737
259186737
45700832
489908497
881713259
370085625
869182068
689481048
181871331
725125489
733566322
313992292
21614527
852808751
48227366
314170216
39393141
244619496
560608984
924429014
163668025
986819219
730574511
128365143
540741503
991520578
408699088
552479659
248774662
24595938
929836819
201976425
212613160
469388855
881575856
846042517
304453835
84036737
953104487
272861598
56614598
47029773
495588986
969131375
23880518
972270239
84520990
646573737
393216116
228362020
107514762
986819219
252904593
384004029
666681606
9262289
439892800
423064349
94532698
235243135
705278099
175399536
335008021
622137608
653164242
298136820
369841058
615576732
167502842
123435754
643000505
581856542
451534600
897407249
962115149
191704425
289035898
533770488
781836716
43082522
773264863
319399360
762960155
875803094
654500579
3794511
337118934
972418195
342578626
830448716
555120140
37414733
460253828
259081301
408999679
923861972
132296125
142804823
478446034
440444618
970811002
370085625
505189712
675164700
653040627
636954285
237367888
201037319
389579350
73765036
567435186
984884714
219965895
990348050
573048302
103428243
72834383
864496200
653124568
289788069
683542179
179112569
913850515
654140730
52169114
640910132
851270972
56491931
66098879
438086873
118828967
664392172
771710535
460502207
95602205
747076620
92394308
351867121
514753699
717458678
78496527
475191198
890821003
602613442
824368435
848042164
279184268
366982597
640910132
712128331
551522555
545427899
495929278
182493303
143472146
515929448
766452817
163579965
64384000
170456382
337576503
381468052
770821642
25141346
270630008
709043253
307341161
123735218
713255442
17572896
782292027
154392883
63631549
322141359
405061775
126655701
730017023
92384616
642974809
312566972
920906175
779770141
463681661
111858687
909187839
653040627
191361378
196484300
285758813
130127723
764676460
657269835
795898123
700528652
686642539
31135270
736318150
472817993
820913199
592364931
823257892
204500242
925732687
243174859
709043253
688988391
378161043
415589544
36599583
409003948
968406631
65167245
88604116
962097708
59326948
573456663
184019884
56693528
16132153
562512739
658893339
638829556
607926273
171864072
11724065
525921886
574298299
398836609
867323764
886213722
757580145
44915322
209473903
462054216
193637567
848042164
225621381
63261909
499435902
839946662
134671509
37973836
401492163
761018343
847727886
95769906
665940159
816216862
813009610
89159568
611920370
408056084
513285720
660629555
119080934
697055853
709246661
68915118
493083911
660873223
85864946
445792186
230074142
41859887
686931427
429333495
91339158
103347162
485663294
227430158
536537366
609154210
342135022
371879737
841704488
792859141
337902510
679814620
608756666
774582779
452089897
119955856
592364931
375463884
861996136
6516602
6063695
240090462
970726916
529717304
442489489
513732943
799629394
168799188
215114067
533770488
896249180
526390254
356122643
85131210
629248400
146347633
489908497
736318150
654069055
186523526
128139690
51442594
327278815
454983352
297721002
184064687
638919389
919792055
485663294
936454071
25245170
919854381
214335618
76869123
962115149
858260569
114416288
878461798
208936616
321492488
336137108
743068219
723488735
305803790
11724065
917644539
76869123
259373359
963652353
467276044
667007802
782292027
871859390
471404576
155297244
303667021
376940358
378049697
379637356
76869123
414352310
234602932
617057265
564086031
323775690
236105206
473604707
971805301
512536559
466783361
512923963
17853346
36599583
705973245
276137779
29058382
167502842
165772631
670018367
424875524
506910581
853848917
204235003
725125489
979444276
429039335
576382666
728405375
945391719
491431837
125199757
339913680
874301891
847436573
159128217
431596825
337118934
191712405
610578838
675164700
909556886
231599617
789193562
20970475
520104152
408783217
993984837
316895799
163579965
17853346
642945510
129537546
272643620
488817935
404080243
952840389
732290391
22164239
56314053
686931427
483619277
383485041
867921744
974831148
524116970
851952119
726115474
550873589
937454447
303747254
155428989
995778099
279268905
259230965
269627458
214897243
259677758
737239561
304217956
54829799
174344245
749346764
814985791
839946662
22171145
23281343
53281403
351687053
445792833
141188219
741088001
160460330
542350459
67184770
995507282
32114314
88200654
813009610
910695394
467848403
954060948
330655774
337715500
196275026
779323738
642945510
797625303
67510079
377088609
379291886
455623384
295191139
842151703
28550313
454514793
697055853
270759292
440287281
103764504
100294159
967926979
314933010
866162594
697878394
839527560
662644505
399975350
108999701
299010068
118068211
176346330
125412169
874675501
399975350
85907795
104656591
451305629
786832717
751002899
493681205
227430158
642945510
241960819
260875630
371603820
804881576
836207461
606683332
179461873
9262289
725547208
987803949
979782397
451985726
940575393
80338334
784307392
54427788
628731537
4856348
540763994
667104287
469388855
280295037
872441005
114208514
989460410
773788202
926637770
65930978
532585029
181888127
371603820
291444726
228659302
839268557
384368525
444922645
48092924
749346764
377576525
932701116
674007615
186054649
469388855
269661356
55694449
262386883
14698528
988842170
306040398
420041775
940313589
945949990
149094363
697055853
541093821
376975422
226076583
386648076
3259339
117611197
230918450
887355784
318840055
132347172
128365143
564338578
63465245
69789657
276137779
127042223
414307258
510344705
145684145
59397839
521217187
506344643
146325959
629530789
710040224
303576770
713294267
746794579
171835160
689208226
206662369
606610243
396609180
561364631
176406231
529157139
88895882
122011306
140842104
889592208
606610243
65930978
697055853
125357082
795286519
272312638
412375583
69620367
98135870
464155415
489178657
470535255
720588685
79139461
869414638
90524331
351867121
304441826
76298939
46656905
460119778
500243980
510623799
491138552
489893278
585061480
840751408
913248346
330346638
412733037
94925989
55728767
671920305
919749637
525715832
563841437
716874506
592429516
844210580
333074686
65930978
438086873
847107640
381579532
606670571
706658883
698127341
625003825
936882986
358198349
449270106
877165940
249789650
829294459
965223510
178813573
337576503
578384724
973304302
789104919
24585381
843322864
115822598
8375093
7016093
990418069
401492163
369841058
304382468
826845051
3465288
250383711
857509840
409884494
689005910
110287241
40443247
103945544
537548175
95602205
297511067
3794511
813009610
345118820
828034614
800149107
743422445
356417495
732290391
777489406
155112098
489178657
959170480
296616777
348594037
537548175
600846215
389321977
55225396
694300275
777059932
927707621
109536774
274438842
238140842
569958633
137878234
290696978
342578626
121336556
655645046
259490857
82417967
790211446
328723187
140223112
348594037
110435002
176393779
999214108
526390254
146720680
142862766
851952119
408783217
623593329
608943904
94925989
512058748
228021285
353081102
540741503
466027439
31562806
623593329
