746694441
52461223
370467911
935349871
489178657
963050649
540382934
823785235
752459631
382944984
63261909
675815205
383920429
829073881
335008021
180618940
871390440
131925610
923861972
564223799
559791718
33877419
625854967
318899234
153644562
515929448
564338578
813039538
94008977
687767068
626995705
460119778
580250462
165789143
550050020
865095584
903742403
309546472
785016404
188789864
20338443
625118431
654140730
150733032
654069055
232643848
400446385
116849946
723288942
804644503
421353694
76298939
740432361
569530020
393216116
537531142
276137779
822373765
966384846
570771764
193374954
272021277
489178657
892520308
3858296
389443864
605162023
615576732
101303700
491459013
588039564
800772317
253853888
235327443
34428469
849138258
205823512
79139461
76347739
954496026
953516289
428693956
256262852
317159276
689576488
893566168
51155806
33877419
923861972
17527548
453361205
987010666
683151080
736640585
114904467
443047890
378049697
773696229
616936896
588464436
658586780
147165042
777543322
46835152
349341893
772460739
841258873
476948371
111528005
541880171
850821637
141803973
362357667
193534254
945949990
95380215
499435902
732290391
711457629
53464217
300953567
31559385
535735635
51642391
918081670
736318150
182746110
212230723
17572896
839268557
183313821
456738607
727081860
102926690
901704256
366518329
472833233
61242671
236209078
903742403
386379049
3408710
737813551
949206335
512453242
277416007
590804402
721821336
140892930
239795221
861770042
370085625
272478179
512971440
29497915
82417967
208334346
89159568
314933010
167242421
893109742
390552899
31761726
204805826
939484809
529401619
540856034
43023806
135280469
110963016
101376054
790057093
694467470
564223799
376670507
291444726
123582894
1765620
178813573
963369150
41326981
38007722
76298939
893281828
740159285
235097851
94484870
272861598
865218582
12149881
349771866
11724065
183589099
286879988
632367636
796130455
859993805
464155415
677810344
953066707
712128331
766624097
881587445
393000755
229146762
29192369
524872016
280295037
706403263
948259180
91339158
672167099
646916521
564338578
15199434
176867086
206662369
843962316
197620349
37182111
93656731
280295037
812652506
939106453
243276446
282547973
878323612
78040207
69639154
813009610
824368435
215114067
33045014
167502842
564086031
929064353
60912220
662230356
451822204
809475159
33390083
201324238
674182993
9583308
289788069
268707044
470039536
800101744
275159635
281871991
944663579
295191139
320016251
737955685
935090560
418491870
927005491
33323443
192103571
425581278
282460793
502340148
130165741
39707007
23641201
524954849
286222075
796254785
475343095
845273476
525921886
538491312
288861794
821216825
436905636
351687053
382944984
111006113
279191304
428635328
968238004
59429953
710560986
351882361
623074463
841258873
415585218
582198645
113677502
411227325
992193632
473151743
875411970
89748373
489178657
287182839
303576770
662728579
820051785
226727966
40443247
286719707
263229420
118461348
75190050
503593079
496506370
9262289
801392945
970726916
723672073
752971324
442904458
495097941
153054878
369954215
893281828
279184268
975717720
853848917
402217876
853180933
653000461
234351700
409475005
710040224
272859885
124852751
771447929
456428399
895684518
749346764
93656731
840506041
137219344
210212823
589753310
579312539
637120437
461605189
315133325
107151706
196067144
249479553
615077506
173493581
155428989
990348050
325267614
715323346
894734375
762821067
90772757
295181218
268707044
940626618
641322332
607139336
117515112
107453458
524944124
143998153
762326765
747310579
705973245
650366414
840897856
509119078
680858394
859580280
24595938
601291056
856451315
52038663
532907987
279191304
905110088
992299998
998567115
566314081
51155806
870282876
21677035
220476952
89419750
495668150
236540041
495929278
384962240
263110194
743068219
907412302
794090890
910945550
602511920
512453242
964957107
8375093
964668624
294923817
641165902
413664869
155428989
35359236
762326765
366518329
750824622
370085625
349592167
235970463
167242421
793451328
230986575
651829118
451534600
50607270
920054591
395698734
458274443
983010749
559791718
102386188
408999679
280838052
541621688
382944984
330402707
130413299
56071744
610578838
875920992
479167990
785791583
965759104
882797211
49929754
101066641
105477385
215714766
86477014
909921374
106460790
52945960
562963284
625138418
741022877
177878015
326947837
683739396
26148932
149963958
545427899
406282467
317159276
129550258
138578714
641322332
335634387
865909273
449347757
433560014
722368612
567146021
319610036
538129466
685914213
331574976
857305337
227781919
31096513
707187293
280295037
383795938
630474141
181891875
453052712
922910698
178579379
557804652
122048231
928193994
20641847
697055853
115209305
300470863
275398816
143923345
837900702
158247712
46346187
335634387
96816055
726086000
478446034
541093821
732290391
848042164
944618732
809475159
232558520
523041189
518420167
178813573
688385289
478446034
889363718
59413784
999214108
464158059
488162178
10481419
167502842
87958129
755499645
797360685
268716159
625118431
806058545
529401619
564086031
92394308
22247579
110128879
844469823
963050649
376620253
446498778
839268557
92384616
946134400
104184002
147165042
959170480
158247712
602658089
860135077
144446262
408783217
150849605
796130455
370467911
57603647
404705015
901289953
734886734
471627412
39820362
140189881
188663263
61841862
535594684
77068587
645165070
942257375
400281891
688628336
41972357
103114365
293516304
62132250
470145694
614552241
951680766
43841598
971870843
572882647
58468901
441413307
469036898
565052121
957353951
110416693
393831478
395235318
211405019
844358186
179461873
789174325
9583308
341250178
932410776
272555789
244827223
963027917
672413046
703970079
737239561
958320638
696817116
497376585
535455686
495588986
377576525
489908497
683151080
52038663
730574511
73400094
582454315
608943904
782111037
173177755
612872373
142350539
781305622
732191230
913597198
78190901
730574511
736135950
106313627
840602818
106833202
889603783
824368435
36599583
32002707
642945510
69979073
163668025
233851915
853180933
227289745
626356776
922819408
186054649
652262652
187877917
435274288
753814425
240992034
915433670
90776573
635590486
252165668
148311710
781823532
15199434
555951539
222853511
345808203
961386775
109599379
72649289
766219665
91573624
86477014
874649338
687463596
34863664
481959074
189384957
51155806
620446227
575311457
980174200
6878286
640405237
183589099
134562508
835582583
595935492
268671183
641322332
201324238
606610243
376670507
373007693
752624237
713646110
366518329
758943622
911040292
596561172
652810461
460544464
477279231
25803035
510604937
752459631
6589994
52945960
870792652
735374221
9262289
161366462
891793074
293290697
667104287
587337623
280241104
357862480
746064257
920317716
819049092
562963284
35518187
983010749
43891783
289493531
227781919
885627952
467724858
717458678
635962838
768583732
199497989
921338476
964577832
708860868
990569005
829341144
801392945
829041332
668875598
525971971
54829799
399768767
96296573
723528265
439876883
98476468
190382327
916196695
335634387
405052570
1418016
271602435
619213752
847436573
964633147
231073980
761646856
154210403
297508797
752459631
607926273
841258873
512536559
963020272
962098924
408999679
144414697
986686311
760583033
83495631
299247209
718458606
86011402
45108169
76298939
755223937
440712637
248774662
3794511
875920992
567112704
259230965
115593533
125858620
651829118
543940336
347830718
891371990
429333495
562705897
268476980
659466214
314933010
853734842
145731581
922910698
333291414
727918450
891371990
839202974
512053343
554793850
501075015
596590334
166503569
986819219
572125326
945949990
378049697
643000505
537548175
841064915
25141346
621511655
65768646
942485097
691624864
780437020
33323443
758251968
702799455
75845390
573084643
785664950
577230023
158247712
318696259
957399941
2634031
640306716
723488735
127396369
235609108
746794579
809475159
105782146
578384724
800101744
554409945
154392883
122048231
674007615
53657152
627887274
47068520
171864072
276137779
679738922
504911803
383795938
606194064
209494850
868040012
437498344
143472146
865303610
43841598
260313142
84534345
439229101
707392756
687463596
602658089
723340932
115847913
533770488
118619935
193497230
743422445
88570276
3259339
246451028
299050014
509119078
33323443
179461873
831065346
623593329
28642677
365047174
188771523
180612101
616262856
337118934
926153434
148543255
801988824
983461414
309297142
857314008
37218380
299177676
674007615
813412683
244364532
21614527
705973245
523836596
875703466
958753299
249789650
207469970
900492168
107151706
432968521
559053376
375395584
378049697
911204743
222603103
591167545
103642081
379227782
541316655
291518420
993984837
778493168
307022873
17853346
494560632
501012280
827718363
81348745
580279536
193374954
41972357
106764665
891308195
60137008
49813887
841258873
736306124
740432361
148517684
645771229
516928509
876784827
215320796
145852054
909116004
160460330
567523876
703970079
164620466
756023839
264957530
174623533
979695816
271749142
227781919
488676741
124963771
300868294
94484870
990348050
34191804
23221875
7014563
384319291
667773799
185587970
457397524
550306853
330346638
107151706
100213003
787005467
659207864
60137008
109967126
65581489
482295253
985936963
15199434
205837877
689576488
25141346
950714741
381062573
282561625
940777250
585659070
718706049
922889189
877728665
181888127
686383648
230074142
736135950
69363293
40376819
961386775
449212911
393831478
993984837
717999434
446876719
142075558
373007693
314933010
771447929
811550788
390318733
928884059
49813887
510871246
412977452
481959074
598894399
88200654
386811933
786116724
145731581
60540843
900395362
965588958
41941995
615523125
33513968
617057265
451534600
497933559
73574775
204704942
829619874
103167197
562963284
904195129
390858230
841826506
890642904
103167197
66788125
653040627
911204743
59047458
181167265
853734842
757160710
705552723
281339522
228573748
940988011
474295336
281871991
632088554
995142261
917644539
990348050
26264069
751939593
59397839
555951539
134122428
878951344
433207072
308235829
451896691
800101744
780437020
962097708
400059903
349771866
450220568
716385171
291968180
650366414
17512475
800748198
163668025
850821637
808034769
608073071
271284023
467467188
414416229
906953690
528462547
416021319
482196326
398075101
794090890
683151080
725547208
697465713
710257975
140057768
970811002
354995892
21888427
375961576
29497915
606670571
823785235
747443291
475343095
9583308
606670571
790124252
777489406
430340728
874649338
737955685
985629805
941163636
125972782
968465882
30014897
355483527
422818624
879668555
47042775
83952518
499528268
125606510
433207072
325945978
171035632
659015473
167709507
125199757
128562317
269134963
214361431
638320798
701647279
335634387
606610243
272323580
123435754
272859885
891371990
711258591
467467188
844358186
323840239
485663294
134236434
501880959
282839351
421117171
963257882
478417276
650366414
376620253
527208927
670859171
209496520
399768767
839946662
347940251
679630653
922331655
883641371
314933010
944565306
70797288
891308195
501787996
817588381
449126242
88570276
934605214
663061209
3259339
547974170
41623446
507489126
337913546
48444644
211075061
105338821
86105860
542199418
424317465
241657965
560566624
252805211
581389391
617057265
358109081
33662807
805552079
489796981
344017184
22164239
727138264
928623070
708861913
985629805
143323743
444922645
306062213
605742911
167980624
414416229
302062439
389117971
467467188
693736896
268707044
126715209
881575856
254117062
847436573
109657687
853734842
770409587
793451328
578384724
96816055
89304861
334534196
85460728
204500242
43891783
97826
538129466
796130455
510623799
780468374
349771866
5648726
604397394
830519163
228280020
582723429
181108315
107577823
620591253
776870085
361562714
753814425
657900497
283358783
761018343
997413299
562592163
560745692
196484300
244772938
392614669
633671671
64384000
509119078
593087484
716426214
753072403
420041775
772229965
907978021
360601863
69811530
824368435
832593352
657734046
613281668
120983975
849471103
850821637
476844735
880801039
608943904
209334880
762623013
954712923
615576732
296172555
494706867
819869118
722271579
909211732
34630457
131925610
378311084
555951539
963027917
562963284
652853552
102275377
56693528
137413329
221513738
857314008
112038571
596776811
374468470
529590384
849471103
609997808
137219344
229721838
235985299
187580920
468897044
943707579
567942944
238146196
733690951
117004158
823669009
953066707
959170480
745028771
43841598
424200194
853693767
864713238
958593448
400328831
610136364
853099626
165205766
214750934
848473907
642974809
586311710
545031116
494212217
968873679
317864557
431651290
171864072
79316270
407258052
321073755
524954849
527039513
678188892
675164700
796183674
212230723
180629553
932691598
93068689
259827581
15199434
150733032
532865442
535899562
959591831
928864250
817539268
211572934
176399464
178810514
482500252
817696447
398053893
230986575
687463596
860384177
755478600
594275414
68182632
161036304
344488874
105249750
512753189
299354603
398073122
82300143
683151080
609058456
294520776
43191437
3941495
35310572
121107490
792462155
98005494
280295037
707527391
522085740
540741503
977186051
901136748
382563264
811792090
76298939
817828579
627476110
806705515
753162782
510486513
16265002
77355775
280704787
877401907
259230965
794090890
653644686
443562627
86477014
239778353
642974809
119785140
781955045
915762974
826132845
69979073
191430630
512453242
650366414
932410776
94925989
126412073
33323443
112221316
48010996
705435226
327648766
455656651
669927703
623593329
579421343
853848917
665966791
922155346
201037319
958593448
794747595
491431837
95177475
436100842
706403263
747504632
493083911
969351323
32037540
911631658
570665929
454514793
519761632
246833543
126541106
985629805
894416410
711457629
767301795
991165417
909824610
525921886
125231419
624262881
758989759
879406797
899249152
32235152
840016381
990348050
874836097
529011961
75190050
756607551
984884714
417978968
377328407
150786340
163668025
89159568
59326948
903742403
991227416
405586353
844358186
579287719
830258040
889573644
468468661
168787514
189067034
293505033
710560986
60540843
641436899
382281183
827486517
813012232
847436573
719979
953516289
536096358
35310572
293629193
9059382
226727966
624262881
31647934
365710147
204085714
550277486
652810461
263584215
225457633
78074676
819044358
855275714
72956000
122439563
338579883
157835563
499435902
927245836
990348050
908221385
777170074
833976720
333074686
467352885
102204532
451658588
726931875
40443247
531854895
578138365
219854587
775304376
529401619
761018343
870044512
850008772
450809110
123196726
45379090
538267516
535899562
23204374
624716998
781823532
143994723
962770402
154738149
158247712
452535576
329871919
705435226
758130186
963027917
583787226
736318150
837412471
132223498
56693528
121969767
468168914
238246195
666723218
834793524
59047458
314170216
869547162
725702274
222492746
439876883
303576770
86477014
909211732
296582395
133960191
669608730
762326765
628834288
87063263
875988463
568269790
17712840
80157128
12108203
318696259
272111609
400328831
471404576
566065563
776057420
505395267
863077205
599298443
518726821
885484523
464566485
298502359
280838052
332236245
18024600
10916613
101846791
476844735
667104287
746694441
524190884
36610678
352031594
134236434
318899234
985629805
73455076
784758778
915588493
237887335
176346330
381062573
710040224
106681433
803536583
321141325
136586242
138319388
96290839
629336737
3775947
445986542
446498778
371603820
963556003
608943904
446498778
630474141
509311043
657900497
65862716
291271016
370085625
943170245
688988391
909129433
881117554
214897243
875803094
252805211
540741503
6878286
990263794
616872885
503906095
536917058
443158677
369841058
905847044
15120599
211405019
936167977
631432960
333661382
288505994
874649338
926722980
67184770
160460330
239795221
911066286
753923300
658551491
517461728
625030830
451985726
351867121
419630606
91927583
778493168
293505033
904525082
234602932
935349871
564525467
868296218
528575057
572882647
21092009
893543477
79936667
469388855
456195076
325129946
359850576
65930978
765546250
657734046
830448716
129054895
392191636
147165042
945949990
673063640
74604135
408783217
914816362
245106378
400910122
558028797
427132733
279184268
821815669
276102797
92394308
830448716
937128441
146021925
679738922
455574165
107151706
598166761
203638627
484052570
575280696
104085451
674007615
594253002
401492163
979444276
525189858
378589637
590751155
492777363
608552115
583931583
482500252
357468399
541621688
271602435
272478179
796130455
179151417
342263488
100145433
140842104
876485700
345895217
370455588
800101744
376670507
188663263
510623799
853180933
746694441
100408987
648822813
922465371
777599657
545427899
922910698
832421120
400910122
977202
210212823
585525478
705233646
899249152
95177475
191454809
466253246
499435902
937866106
712128331
384733526
793843635
270740648
49339453
729064599
75075222
550050020
848042164
507912455
917519910
84095977
99653198
683151080
742774632
146697126
569530020
414416229
491500852
101846791
162342513
374323759
485663294
519901665
617057265
183589099
794380470
172051039
248765331
881866544
49685623
828618233
284626513
272859885
8024035
130937239
798700013
840506041
351882361
412109728
612872373
195875367
171864072
335625618
415589544
40279260
709110887
847436573
839550628
787857580
223071159
965834330
986517861
821216825
978776461
909129433
122039324
627514420
698751768
280039794
314170216
445792833
426313629
125858620
177328101
17853346
495929278
692921213
123735218
114672039
735122045
526210991
69997599
438644535
550547049
797827061
741856794
880430314
710040224
93400050
518360717
520109462
90913801
923636486
958320638
191454809
99788765
387605513
611307829
608943904
968504763
587498075
450809110
309297142
732719275
12869251
45379090
230986575
392011102
658893339
642945510
53466098
2326571
15118372
889363718
51155806
802910797
37126950
911040292
398053893
382563264
88931976
33661026
988496670
333074686
344208330
168371463
219666882
541621688
537548175
922910698
486603548
456738607
649243259
181861841
509119078
43467943
101303700
697055853
127008848
359619002
555373263
209496520
160460330
537548175
592364931
409245452
120441247
583477424
125705755
338579883
644297752
378311084
35359236
400910122
111549338
50817724
51309207
382563264
623854658
434903753
562963284
415585218
550442186
841641469
938101869
912616039
307077280
138319388
460544464
205137182
569401851
41941995
174787280
362327556
59413784
3794511
919749637
968997863
652609961
100294159
608936303
342578626
117830253
487192390
125606510
683151080
59757554
528596358
703506386
608943904
878323612
233979683
104203430
412733037
562543479
466039371
354616271
853041569
101376054
98986343
107428399
778493168
938010674
836207461
147569917
168468868
257604148
203985263
744429868
343382434
783101397
945421460
226727966
92384616
828618233
205186673
684224861
655254025
558028797
125606510
210977537
25141346
46867954
338579883
641325996
366518329
558687818
728565257
235596699
990337151
661621107
959101888
136799618
643929978
323840239
50198406
218908300
622137608
580279536
874675501
630474141
757909056
644534666
912281980
900042112
754642501
839591853
913535469
248774662
178154278
799566434
792011605
77985578
747552637
574421812
851952119
124376068
539024998
495097941
398836609
776929249
180629553
621906599
880430314
355024159
242869648
709416713
6542682
134287791
550873589
21677035
786116724
119860844
721479021
859760669
574699447
796183674
830271336
746694441
64384000
536322852
427674509
986819219
953005761
65021837
602600537
125199757
107151706
317315388
404080243
374605029
91339158
650550970
394363638
356339378
236434421
403089094
845049009
717999434
844358186
797204324
987418310
69979073
294888057
374951227
524954849
492219708
858378212
300926049
637120437
299247209
238966391
645489046
574940995
81164065
188663263
705087915
75033740
325888143
877017578
412733037
259344969
244228337
196484300
417117126
953066707
22164239
122011306
238839563
839268557
614974184
247949661
882973964
943707579
123835004
316391589
214897243
239795221
249789650
664536232
725547208
764676460
332526035
529401619
116815765
133865805
573084643
970720962
839268557
140611707
793843635
844358186
442330615
253853888
994165926
755703262
646651163
702384163
569425757
538129466
293516304
439032250
439085694
497675581
404970939
812843491
210212823
350397626
587337623
868885098
640910132
512453242
593082585
105654570
123819816
393216116
561396103
64579776
657011170
350397626
56693528
517404744
438086873
635207409
960700088
821216825
408056084
389284142
395602380
899170209
689576488
110167097
756607551
64384000
840506041
281614044
767396134
649243259
318696259
944618732
467869578
640306716
943469103
832209568
78841680
910148658
86754796
893281828
91339158
695393521
512536559
870909864
831424332
860135077
30618262
176346330
316884417
37379408
633409973
293516304
978458117
911055077
226125270
238839563
646326685
36599583
383458456
125226034
990355186
146299189
911055077
593082585
33661026
180618940
109620879
586923807
180618940
489330142
308156713
929064353
564086031
792305042
479819360
214266238
603901791
657900497
926196576
172109423
439229101
841641469
705435226
58823777
687949463
509112312
395427098
293505033
828439517
238000736
402736426
86105860
703644658
940006404
548691866
891371990
968873679
445792833
136595110
96087034
668207367
238093557
717458678
796183674
362672688
489976748
686931427
348594037
533447193
30684706
99653198
683739396
512053343
67184770
372573201
615589879
725547208
820913199
670018367
500573580
126068824
134559817
297508797
246516871
631820234
118145566
483723004
550277486
48883630
475191198
857854135
115701167
18446806
495697222
583447077
597011112
114057203
777543322
450302100
283698459
645977736
370085625
593082585
901902125
562512739
39666324
39964394
793542171
440444618
720293396
679738922
313082980
595582591
791072160
885627952
827204298
333291414
7016093
776468400
11438040
947498631
381266183
1415002
48358478
120983975
781836716
737239561
705973245
290526631
875803094
540741503
39271325
204500242
963050649
806002917
683154541
981199518
943414022
130408825
442095177
186489108
593215933
822469671
239594732
757160710
375047756
598166761
146684444
228021285
602658089
436887127
357397783
480856833
252805211
809544889
893543477
96296573
270263043
247946989
240090462
610578838
368386449
112038571
777557476
16114092
911055077
705868976
256370429
963050649
3259339
874675501
336154365
171864072
788867473
695393521
578384724
857314008
990355186
59047458
89983983
287123470
742792000
923861972
224570289
799426331
982292958
969474054
118428184
88382392
968873679
606670571
881713259
918213537
891371990
120997248
230074142
487745312
700257825
777489406
385636229
239118995
470535255
545427899
24156178
495588986
592775623
964348996
643241542
796130455
61677132
909129433
444922645
421123698
440444618
127060622
613281668
367235134
54118023
524954849
401492163
186054649
344331735
658222779
649243259
690033874
106310603
45035884
167709507
990348050
627839066
741458943
712030730
801988824
212485469
562512739
524954849
507766446
161404326
122341676
859593186
437498344
670196644
547694018
540683837
125219352
758111565
102704089
652538918
118461348
560877743
54829799
948003421
726174886
363033118
393000755
781955045
114672039
929552319
683801922
390715940
497263423
435025782
347627317
723528265
438086873
469388855
46598211
377576525
23204374
398053893
520591358
993984837
251091315
163579965
157634860
142874572
230074142
859502818
617070093
896048896
684507728
458274443
723333297
244841813
25595110
583190251
620880835
369616336
76298939
49498487
980633583
76298939
794408028
564086031
68267645
117015342
535455686
149094363
109161318
408464447
251434291
874675501
527119161
99295418
247946989
350372969
945218995
865909273
845304608
738300303
370085625
598166761
280039794
309721730
412733037
360601863
450686647
848600041
106460790
2249031
154392883
235243135
329424766
773490277
303576770
52945960
798985363
991128625
868303778
192916291
513353483
813009610
67184770
827248207
510623799
546789401
2009345
865825107
917801390
44479114
792506369
206662369
284111152
617961561
272859885
653040627
283325603
309297142
584774435
384378535
559557624
289404803
479924112
457453137
641161829
65862716
859593186
867921744
890642904
33877419
835117210
299050014
430340728
529157139
9949463
798606284
238146196
227111552
100613744
162916235
703970079
776929249
675876247
942795295
796526820
32735364
476320334
276567718
239795221
200291183
99653198
128365143
335634387
881580866
82417967
804083497
810339383
509119078
254268470
520591358
923773444
381468052
230986575
142727632
953066707
830627617
31562806
919639161
561420659
55225396
691498731
227103017
983010749
938782574
156761138
621123368
249584722
32037540
968201087
965216999
361139481
354763606
592073499
899249152
488500975
152178607
773144953
385180677
379291886
108999701
687815040
155428989
508734344
132219493
193534254
7016093
394994694
719771051
885627952
912721777
87582828
930431629
962097708
125039579
610809048
591507979
460119778
869547162
804200565
6878286
964366441
642511889
351867121
812128157
749346764
516350222
82328828
52410152
376940358
835874290
210212823
100740041
134630614
337463592
428013433
286222075
441057560
429333495
154392883
125219352
8209467
333158449
797718097
397869954
587337623
96616999
338579883
557580785
299010068
524247784
825186796
690706855
933870662
227111552
910695394
525921886
59047458
306755503
923070016
533447193
3259339
177501350
401492163
133962562
774718590
247966121
140223112
483459759
785522669
879668555
42980
679814620
936093707
211728682
347482124
401805957
4228761
280295037
618367490
403608776
902557942
737813551
822073283
980174200
376940358
821622986
598166761
431827482
839028758
19664980
399768767
994393049
671651020
773123364
823849783
12838869
777177505
909129433
990569005
674373572
311738235
712323620
909129433
916490620
610578838
529149946
29939354
513353483
944618732
25378694
622137608
712323620
241036709
163668025
954496026
289493531
24175509
402389002
310030928
895082242
86916098
88570276
114208514
452695137
351687053
584667983
362793091
320016251
852541062
998345220
617702391
43638355
67184770
765311695
916807601
550982658
963050649
3982459
969793640
86011402
25141346
134236434
181888127
471404576
51174930
781552663
863785699
252662545
743422445
23204374
403768856
104999729
564086031
968873679
737326827
60540843
729428865
785066290
207495594
26110897
813316133
151014139
569530020
377328407
381062573
902057663
800101744
474102479
29497915
686642539
96290839
538230956
92394308
984884714
920054591
88200654
88200654
129522240
617057265
151192552
60137008
464155415
590129103
176543172
836632401
717999434
836713495
894416410
812174170
823178714
836207461
659535046
144645478
655254025
847436573
928703986
252805211
688628336
821216825
366982597
842970345
593082585
655136258
18730931
60137008
281614044
563681096
69979073
451534600
564338578
774384922
562592163
69979073
54829799
178813573
238146196
436192331
738300303
953066707
252317303
899249152
613006681
209030986
893281828
643836929
736850017
478446034
269760032
247946989
939176612
500951976
462302921
469388855
784290798
146325959
623854658
558922543
9262289
723801734
281871991
106096393
430945948
679630653
881713259
332103498
449347757
911040292
186054649
280039794
326186171
795661233
87406501
815703501
743422445
669927703
798858636
286879988
429899217
756453184
408056084
867921744
926722980
650109780
172298738
782217139
238000736
723528265
294134335
297511067
526542574
737955685
879668555
970726916
54773116
351867121
705973245
95380215
57161646
932410776
864090803
362793091
731870401
497376585
811025224
607762776
796130455
12778861
564223799
596596711
2658404
163272239
8360386
736044645
113677502
431827482
973304302
12838869
801988824
973550113
6006932
297511067
215114067
251725911
398836609
190027603
446860058
415589544
711748167
632579732
400328831
475025761
122011306
926722980
52169114
484942653
598777506
231002125
822078740
939518873
20970475
478446034
796183674
861770042
82328828
285756262
728657521
892324880
986947773
181445883
751939593
11808602
133960191
228659302
994962239
401832713
934999276
988058546
106681433
529401619
33877419
210736148
658893339
76347739
556347053
404589501
264763552
311877320
712550289
843122169
898610679
674007615
323611069
545427899
344211071
348696697
948669033
841258873
169309013
957611857
72834383
615523125
366982597
491430218
56693528
93656731
953066707
179359149
313050662
402899442
899215597
542054299
101376054
84493981
159128217
63465245
826845051
279486780
51212785
133960191
369841058
796818429
794380470
434756216
854693109
521009482
101636815
43686066
333074686
252904593
115847913
547245585
350407497
443158677
970811002
384175202
550919714
341338464
124725983
5216664
22331905
469660827
843995360
386781919
86011402
671318545
57161646
182062957
875945180
740568057
293516304
656098839
659473803
489214140
575768640
124181873
90588933
471404576
32109252
400910122
209397718
6878286
76347739
381120038
299247209
62776735
959170480
280838052
16621068
106681433
47288952
17853346
472833233
514229029
990355186
372084837
484372798
906568550
868686521
898798650
350942005
828620118
108969627
895376150
145731581
689025524
794090890
711457629
320962445
885326265
618235005
555013645
659151964
882919140
798985363
746794579
114208514
784116322
592364931
439229101
849471103
144414697
24076289
621123368
177114205
273966552
141441557
928723849
134892712
88200654
8765588
107847801
853848917
229565676
408813667
658220849
170365384
746644448
590602428
442095177
46346187
14698528
777402449
915373849
244225183
860347081
121426580
376620253
388043257
442603434
54829799
541093821
901155994
208334346
408056084
447582545
882805386
643562216
713968241
32037540
633761616
828137517
562077543
839999564
120997248
483971076
550820453
904195129
81724945
64468233
130016386
927887456
399768767
691688913
542650121
114208514
518726821
960700088
693176381
536776249
63589276
996110457
722410446
424663531
809328338
865909273
145183898
640244326
309721730
104026952
46908847
409884494
509112312
932410776
309721730
107151706
495588986
182062957
495858590
660964120
126644458
293351844
93656731
777580560
55340579
173099120
632367636
441057560
361050162
258108560
211405019
612467690
538129466
105435709
640910132
610303324
54829799
596561172
786116724
490699499
53047582
605160623
195118825
595392294
725654466
15543320
8385724
874675501
41972357
771256596
776405030
723488735
256262852
937204219
462946644
853734842
65862716
210212823
381468052
214897243
653000461
373732549
958593448
502722704
182622384
186694184
928260764
155428989
949696069
800705075
903742403
690956289
980985405
725547208
20641847
723488735
853848917
370254346
881866544
258146575
963652353
672167099
693145326
901136748
466965086
478446034
732290391
836914549
972615329
787122521
249479553
701571499
589638046
747382384
920334239
235985299
469430135
99295418
942299826
797256079
808627439
624764030
47029773
451840786
114208514
515929448
737955685
349771866
65195011
63261909
146251032
402743910
991898341
271485929
817148454
416021319
800555657
659264567
7016093
979940123
958626644
451985726
22164239
552649569
150833937
821622986
644108883
123196726
609930157
26068524
113392195
24595938
440712637
149963958
709043253
320575299
16704034
116841302
193374954
57046868
307160747
943621079
962097708
598777506
705973245
42386527
685875810
439966400
852652710
462015637
720704115
979444276
756607551
420041775
143721803
496506370
150218231
165205766
277694831
103114365
22164239
948371826
272859885
829041332
770409587
125195451
254117062
130772552
743422445
63900135
470704414
112834436
168638602
402970348
865909273
589405682
565052121
366518329
123295045
88373210
307160747
508597542
72333601
813012232
850821637
484052570
839946662
330402707
190470871
88570276
460544464
271182725
689025524
657734046
171864072
92394308
101436317
201795479
214897243
773951615
850821637
715003957
885627952
809475159
44664201
273978408
836295352
176399464
979932443
849471103
249789650
443557170
137357850
7016093
210977537
542650121
518356546
154901562
591507979
615576732
662355632
125606510
520591358
857784048
200244726
17025425
347709139
698204305
56491931
95602205
489908497
229507317
861770042
412733037
45379090
844343952
99653198
839268557
51467085
39859707
125858620
312973402
681559136
494560632
675490531
273786986
450425168
89453848
536322852
216478364
658893339
592364931
776929249
398986948
145684145
822602745
903936805
965223510
850821637
687463596
307552041
444122172
29939354
713366890
58126987
778330295
127115554
806368066
287338210
550946298
822373765
80338334
566413198
146325959
633090789
935797558
229557554
373007693
771256596
273786986
806233236
154392883
714472249
259230965
388536227
829041332
811743218
28667710
426857099
988058546
675878276
433366612
248774662
516350222
29939354
428136274
393216116
554669486
69979073
59599488
36610678
724364670
56726185
823785235
725547208
578138365
95602205
669170
165479679
454475180
684727889
826845051
404589501
657900497
849471103
525267222
684224861
659574892
17800257
65862716
411813920
943707579
309588544
746603733
416326907
43023806
348594037
215114067
252904593
496721555
951963971
25141346
96296573
80338334
92440169
988947749
118503300
6878286
473273254
244123370
717999434
419387979
286649382
373007693
54829799
530865314
924269851
929064353
892404795
969474054
613281668
415216855
2714027
844358186
801649155
73204649
105338821
446498778
859593186
396314168
303453803
703339492
777170074
331456379
314377558
347760766
249926696
949696069
401032008
408464447
415275734
851968130
624262881
38000644
550050020
152824663
311245666
675878276
761018343
213518730
365466816
96290839
79203425
564338578
890642904
906243092
728807146
173423061
602658089
133193029
684507728
620463914
240842636
442635336
879653829
643330437
598777506
30300371
984884714
259871044
29939354
927887456
974507635
850821637
866502372
414856773
712128331
767147874
523332412
793781583
239778353
545427899
37379408
100294159
667780725
469430135
214335618
984884714
630474141
884143670
814832530
623720353
644108883
343586349
775304376
801731918
163579965
100213003
125733405
409884494
370135549
316391589
249789650
149293993
666746175
134012468
71831007
179686594
381468052
958753299
213717724
200682594
894542380
125524080
404080243
897466653
101372507
798985363
994391722
285631880
207099107
689576488
611062475
340167005
35359236
481170001
621123368
658673765
451463897
74458426
612872373
442330615
799271558
21888427
337576503
457370199
15625896
415585218
178937376
762553328
450220568
469430135
246652811
800101744
101376054
593082585
801953944
474161472
511239826
147165042
33513968
253853888
267794951
907978021
140842104
215714766
588464436
59047458
285631880
441057560
158247712
228280020
50751106
602955018
987811924
960700088
808479990
288632433
392359727
149979100
46598211
487562084
750002257
114556835
771256596
574581700
324135014
456880239
140925455
476883190
613607481
933812293
984523600
453841245
97586050
709744268
756607551
993984837
504549423
378049697
555110106
393216116
439876883
189889298
227816936
277456442
176399464
29069139
225380683
377907537
55225396
396494556
618367490
398053893
94925989
983731842
542086110
734018400
767850401
820913199
857314008
615503172
351867121
195118825
359182071
321923697
736367134
207391879
327552311
72834383
105682282
712722415
566309491
64444201
875803094
442603434
72834383
489908497
504738003
461756412
670055707
129522240
392191636
145778742
927707621
925763250
351867121
818426834
806969287
234729031
467467188
555951539
533447193
409243181
19749849
240090462
707187293
969947836
804200565
8608381
843808144
289788069
569530020
268348890
623343130
5920357
282884659
559791718
238658644
165229589
977468436
351882361
734018400
45379090
910945550
335008021
144414697
758317561
285854649
281871991
475191198
523415939
152866964
928193994
657526433
816334033
106681433
937389405
273786986
583802805
171878867
536437938
746703376
125858620
295191139
62745269
509119078
793451328
418065878
4576744
309721730
799426195
98377835
227188643
929247273
481959074
354572924
682486947
88463641
381468052
295191139
96296573
256262852
295191139
131925610
37379408
136595110
36599583
554777021
738300303
851966850
985295986
787652119
275928712
640910132
328828467
144414697
504653403
773144953
371603820
910618343
41004454
507469190
893377071
47871968
536322852
930899725
144567513
16265002
874675501
769970330
35370433
335008021
916264057
589939186
52410152
878323612
826188005
557522551
79125683
323519555
762326765
638320798
149963958
349771866
247966121
87685005
692590439
195118825
743674724
25372045
870792652
398640938
113677502
481959074
286180984
86228948
544627594
734018400
314490921
348594037
569530020
415585218
562512739
9262289
111885183
148311710
31844843
62331669
381062573
17572896
20970475
101860108
869206914
887744274
354417882
990348050
460149955
569297091
736367134
726174886
623593329
793451328
770620541
95380215
510623799
88200654
949696069
580279536
17157359
687463596
59397839
18723904
997452062
684224861
724617260
214335618
575709784
521367354
149963958
112834436
24965491
33877419
167502842
954399728
833138129
51309207
163579965
591507979
100213003
373732549
107151706
460119778
94796291
865484342
16662222
724364670
767576080
746794579
140842104
344994157
52169114
896249180
350880919
244228337
84849066
637120437
991292978
978776461
748038010
180629553
377328407
94484870
867921744
239778353
569820165
442095177
118461348
370467911
416667586
5920357
804200565
830916006
358223825
420041775
662068074
472817993
482527740
299010068
513664972
359172269
466253246
927882406
129550258
472157553
27793463
337275119
624262881
352065814
578384724
594799651
689780564
35370433
535455686
142310599
642945510
801250057
408783217
832659824
304294670
550050020
66960442
357890160
777010711
923820267
228659302
127769440
557246275
589806848
582579492
588464436
945218995
674749138
499435902
138319388
500207728
431827482
145546643
774256031
54829799
159741140
484057008
84244721
33930856
853734842
99295418
591507979
469864417
317159276
101303700
746694441
330402707
749346764
4825648
61242671
276137779
510995637
591967150
309499932
944618732
238000736
735130024
557995303
866901586
130169026
651829118
619301326
191454809
415589544
778950166
59326948
596870177
376670507
376620253
982292958
165171443
633931478
195118825
258707648
305066683
294320754
473579923
526390254
708116984
76347739
784588115
495929278
93984140
569530020
800705075
120997248
630714203
146325959
56491931
274438842
904989162
936452518
454514793
238146196
499435902
361940633
451130110
632367636
512494022
642340546
330402707
93656731
543078427
169309013
291224106
442880326
587537448
623575535
172298738
17025425
105980878
944281352
396711950
35310572
725445145
726115474
108874970
876555553
496692663
828831513
869302132
749105346
564086031
491498359
579012166
583787226
436987971
215730287
645977736
3981340
123196726
400459349
865825107
135763131
202368261
504109926
230103222
729911236
280838052
877805018
239852913
903742403
179461873
93738072
398836609
907345432
973304302
11201664
440712637
351882361
959757637
830448716
465919947
68217720
509112312
937916205
761018343
783760594
489178657
535899562
766624097
35393696
963985205
863602056
910945550
311866808
351781075
411813920
308161299
960916012
474366872
77844437
180618940
305142915
567982956
962010097
847727886
87317584
126715209
388243733
749131575
14970429
348191129
475191198
503058276
52410152
116815765
132922330
110545629
373732549
692921213
606670571
939106453
721821336
472475517
649774519
923513823
676501973
46346187
125858620
450809110
542873937
909211732
963458621
919854381
111702087
870792652
591865414
631558015
900904878
335634387
442095177
661267445
214897243
756607551
144645478
442044368
526390254
581605963
109096517
659403578
890479074
809475159
707895452
228951200
174623533
53681832
556218895
234482657
67184770
862144103
544966879
761018343
291444726
94039731
450220568
206596570
339185124
701130340
977468436
212230723
59047458
608943904
793843635
172617090
781955045
497376585
377504517
495588986
642522190
667359521
108055730
625441741
782449669
537150027
94726427
386029274
96290839
29497915
98186562
126644458
550181967
29497915
65762914
33513968
608345631
828137517
429039335
541093821
828241509
227072087
279140298
156170436
127634982
777170074
738300303
49268693
940926861
550050020
280838052
958753299
125219352
650366414
510871246
922924758
847727886
47029773
99295418
215114067
360601863
751939593
920765839
209494850
392191636
744341844
104161302
234602932
76347739
2819578
42386527
496086863
547404129
377438636
957910994
821815669
519368350
606670571
212512091
885253604
248765187
439789202
591338955
505910451
576703971
544684269
43023806
11438040
478611307
234602932
798606284
684667208
452323360
974519621
124227328
848963477
694738798
180794787
95177475
535455686
518211054
857749956
902865752
511811797
409884494
456254084
964577832
97160689
140184280
467467188
482644572
208334346
686642539
403598706
96296573
177501350
228021285
59326948
27212630
281407821
534945066
37379408
112834436
335438003
486157441
684507728
295329842
692087702
111550428
471404576
133960191
602931403
917817953
732370343
406514061
329420414
95602205
231760030
449347757
295295667
737955685
705435226
736306124
749879972
402177685
322354510
52410152
169309013
25141346
123735218
433072179
866655977
653040627
494875573
542111171
125226034
513353483
587137745
93107568
777687330
877037356
87985191
489178657
247966121
529137260
24866096
52038663
519593618
965834330
812843491
690449216
909129433
400446385
836207461
382692591
45379090
116815765
683739396
512453242
396252555
967819184
554409945
849497622
847691916
839946662
331456379
851952119
705435226
206519163
807269162
536322852
529157139
605162023
615892413
60369975
327510863
472902488
723528265
180737333
284208263
51309207
236329240
641824944
409714928
47107417
789956861
671955441
617963458
447504693
975889773
598166761
623854658
945218995
644299763
395981890
52410152
295191139
267944316
505189712
840257591
322895874
715183791
638713684
52169114
587646529
240090462
648993906
6878286
674915623
33756100
439876883
158183006
876355425
78442779
67526930
881713259
63032630
540741503
692006133
617057265
188663263
750414012
699267230
474201656
499736414
975889773
638320798
74078867
143472146
617057265
166972682
524954849
215330008
796063540
607262706
382563264
669927703
554409945
393831478
34813113
687767068
137170917
710651209
225081959
881575856
501012280
952795147
866310430
79139461
59047458
88570276
470774796
984884714
805566977
470535255
405763787
263128067
124145346
707327666
174893496
15199434
263836071
4576744
4856348
276137779
133924768
683739396
521462322
68182632
897407249
386379049
599415995
193374954
911040292
435025782
984381273
675164700
775162586
404589501
512453242
54398744
259230965
41941995
148311710
824274525
806969287
502878668
334039035
318514472
172298738
9708925
458274443
78688324
19252071
408464447
615767076
259230965
902027153
758456722
9262289
716248256
281914303
113843380
129550258
348557451
674007615
182168810
978776461
327023118
813009610
699042284
291444726
881117554
685875810
510871246
235985299
919746073
303576770
600846215
423367112
336709023
877313348
425380379
466381745
841258873
589529579
963458621
825166232
342083104
23641201
879088423
124617129
602525487
206662369
381797391
404080243
261277181
140223112
502340148
653000461
21523250
579079852
398053893
657480402
381363992
794439802
829041332
13487628
238839563
882830420
201037319
615395885
392191636
531350765
484052570
167242421
685391233
537242056
52169114
705868976
140787430
273240336
325017196
133193029
117289848
51155806
259094754
754082821
599298443
494560632
775077105
80338334
547144363
330944672
701130340
68700886
519330861
403557349
773123364
846827553
583269173
848042164
839946662
350379018
392359727
386218167
381612098
709043253
433207072
407448658
78739694
662068538
145731581
954496026
643700360
442095177
703345658
295191139
944618732
925732687
659264567
450686647
252275151
341707546
518726821
524954849
798985363
450220568
144414697
431827482
376940358
237094169
351454414
35370433
679797072
909524181
777170074
389375623
875442942
518948226
4856348
291224106
68929658
141585647
31562806
440712637
401492163
136126224
985629805
76320959
316247438
256262852
99151672
313024286
210521463
494560632
526390254
226727966
969513531
762396405
259230965
473604707
939918426
215189559
847727886
80905031
421117171
469980768
9583308
80999241
999329154
823785235
112589766
427608889
707408196
78074676
894563795
874717901
866841569
184932848
1005741
743068219
18367344
165205766
563127680
576514391
14698528
21677035
482221954
59047458
684224861
939106453
221513738
271049244
740912581
318899234
116815765
649243259
821786959
739785411
880145406
335317503
82417967
679814620
767147874
920054591
354417882
866310430
503694518
469613611
223071159
991128625
741463816
145731581
618367490
23641201
925763250
862940358
449047298
69620367
909211732
469430135
797709089
59413784
61242671
550571556
890642904
705435226
227111552
804200565
697723882
473185955
514761373
66788125
245513225
472620849
110287241
642945510
273854021
438086873
93715122
774702169
725287786
95380215
622137608
870792652
747443291
903936805
930730043
158996136
798985363
240090462
579476232
703832983
33592842
658893339
700806027
885627952
173576865
235243135
637120437
928260764
32485076
857832069
773490277
935349871
454514793
910695394
453841245
346451584
454002243
59047458
391325822
511863163
280565502
472307581
835585337
144964271
805754902
959117195
143087661
583787226
450220568
449270106
300503498
954146823
471782258
271602435
794095915
24937369
223926951
655349206
588464436
193497230
368637397
25141346
813012232
986646691
501075015
350372969
612872373
526390254
228021285
225922026
41972357
658893339
650530375
973304302
586106015
309297142
88881594
445681896
806368066
424824515
120942925
832400966
89748373
750285803
891966159
75190050
988058546
21282133
331456379
601292953
16662222
555649430
105338821
289493531
703832983
710560986
911021157
37770412
108270546
205933772
771447929
653000461
545470961
22164239
220757144
910425153
335634387
100213003
576062560
139893458
6987877
821622986
107458751
119080934
671591275
61593632
148577952
666710825
850821637
581136484
697783690
181684355
568486439
566416504
252904593
224890366
163039404
511211982
914878959
3259339
268219933
596155256
92394308
897315597
707385605
559411569
594912808
754940206
958749882
762905585
90485227
107412321
298145555
66788125
435025782
78827383
99295418
9305646
460119778
281614044
655254025
510871246
815410944
885953055
223579333
985947772
451985726
889756429
562963284
944433078
147165042
784892740
122011306
980027586
920334239
291535265
814462279
315460876
432603210
870792652
112040104
543802465
2807828
139524405
405472045
434200412
707527391
586415398
583787226
112748804
767155967
76156556
405248771
881587445
352903171
729264049
686597895
371603820
850821637
150733032
129940753
776929249
244951476
33877419
325075335
169790966
33346303
133193029
464335921
954496026
857314008
608073834
959170480
596722384
269110894
426467123
74819476
492660135
919664711
179151417
163967331
778386340
885699194
350150439
402691073
228021285
965834330
204374612
31748040
891708315
724364670
619528566
883393895
101303700
7016093
99788765
512386921
408714933
687767068
467352885
362526419
778330295
914454010
408341243
781823532
143472146
953516289
777543322
588464436
510623799
834092755
767147874
304441826
830437962
562963284
451534600
226981744
291444726
701219850
934127740
902052585
989438896
293505033
958951634
393216116
818759578
17853346
465479512
118872740
512053343
7921623
762242319
121542102
7016093
246508237
108299637
640910132
695393521
469726568
790278363
484146443
189828194
586578159
805521269
709043253
286222075
612929094
49399646
337118934
381797592
408464447
194767265
466719628
281339522
534773850
422868709
442603434
600015149
92384616
437620816
788730326
857889978
612200879
360686753
36576596
963458621
426012086
821815669
830963244
371082411
704232662
376940358
958593448
640306716
458974506
812843491
228280020
83411752
857314008
274264775
465919947
512053343
282991547
274438842
260223114
255190257
437787029
988058546
382105980
313592468
653040627
356053333
495588986
725547208
409884494
844210580
764914207
45379090
482461546
992141918
30014897
981397107
118798543
110287241
416756843
229792236
861693641
23281343
113677502
979472496
544083928
773144953
713646110
445792833
548117562
376940358
823785235
598777506
354417882
668421652
989802582
558028797
944223473
489224139
136563860
287091344
309297142
773142864
820759203
333291414
695393521
282286057
86443929
60018549
103470623
140611707
35310572
472833233
573084643
116849946
421809857
36227299
682399779
625003825
703970079
5374564
40529793
309758720
738944479
760126608
314933010
740432361
442603434
294178134
685439764
81548576
530741146
493083911
545863849
439876883
604138850
928260764
86105860
440444618
92215316
972995921
702234827
171035632
781955045
925710706
514073187
687153612
866711856
255455040
926637770
133193029
380201041
113677502
896249180
36599583
501012280
911055077
909795107
209623180
485663294
789242157
181888127
7016093
612467690
798985363
662633594
451985726
299050014
687119203
417539551
215114067
92384616
402322088
348977153
33661026
848042164
835540747
590011675
684224861
902576783
839268557
327611165
768843057
206662369
832860050
108999701
140611707
481182255
364097757
450686647
184525282
879668555
710040224
928260764
966862459
891308195
41513238
125606510
932410776
700570623
94925989
525205262
966706327
85847638
281339522
568685986
38698520
477481012
598777506
557255300
71824737
279624525
893543477
88694446
505170355
417940386
286879988
984017591
193497230
707806073
688988391
414769454
277193190
316391589
953516289
101695245
599298443
780705262
145183898
864527287
90780887
685485643
874836097
126106172
186054649
206662369
881575856
501075015
5848488
59326948
416225970
623706520
473604707
189384957
119080934
714588843
335634387
830448716
286879988
89961029
683151080
273978408
230438148
40518003
740432361
826869367
78082886
297508797
935349871
670950631
642511889
67436924
338579883
54368722
2858042
60137008
303968322
665940159
843359701
51155806
906035733
686642539
26264069
687767068
851952119
88881594
987616807
272478179
480882534
898240096
12838869
789110378
101860108
783690954
187580920
635727461
623593329
892558463
672167099
605162023
802972831
881713259
911204743
85866205
964577832
535455686
659264567
39914966
736367134
101376054
209494850
666044170
878461798
776929249
802675562
712323620
67436924
253853888
88881594
484981465
144657520
342578626
820897122
253550307
106681433
18705829
697055853
659264567
974172032
439876883
33703935
209601903
346001260
442603434
335431872
627570408
626815042
407923713
484052570
612872373
665057816
874367188
129550258
892404795
332285922
13349835
109993522
193534254
442330615
410706442
777170074
909586268
858260569
878461798
188663263
695772991
607565840
76869123
375358834
125099347
323840239
52038663
114416288
864666757
50192190
379079965
988058546
651163027
634808471
381797391
758048063
289493531
594775292
481719865
707527391
798766367
163668025
746794579
441910474
89748373
499497971
34630457
956886910
493447289
772111259
507595972
499435902
612872373
296534533
797625303
295675472
438086873
190951198
63465245
75463463
436208935
133863201
178154278
99653198
182493303
337576503
269787715
101436317
98512971
129550258
67436924
617712424
889110461
26107881
120831304
589405682
325197674
587749139
464428395
328307951
466253246
338579883
176346330
163747705
960700088
377576525
729510524
798985363
197633137
569057709
40443247
467352885
580173807
645771229
441099017
535455686
263836071
389260318
145982034
558385134
726115474
963652353
239778353
466253246
478545528
31562806
178154278
963090685
144645478
448281084
464067013
133193029
535337420
122048231
497376585
386270122
981666744
970984507
289788069
379291886
54938044
369841058
356860426
263836071
952105726
775205796
475343095
537560933
857256441
874151115
869547162
349771866
914013914
501012280
15199434
912191528
289153120
716849676
239795221
489983618
928193994
359385462
210212823
289493531
536437938
55027375
452263841
531334917
453554676
734886734
101860108
861693641
8375093
16265002
309550096
456738607
46598211
233241618
252275151
701742197
148338106
743422445
490126017
4365508
649243259
103167197
5920357
935335800
176729172
781977878
775638144
643000505
974465729
48804581
469942989
60540843
51149862
944652792
297158902
41941995
95374030
7462307
556098584
490147553
896249180
687214017
800464376
894416410
378049697
381468052
167709507
806368066
734381365
853734842
146457963
563867536
724719468
808627103
446551196
30014897
188806532
797625303
101376054
996872319
98313985
925732687
100455630
129522240
776929249
102755091
284306667
277602184
737239561
721821336
32630426
798606284
652810461
671453083
187583745
741699977
643000505
711901024
884303020
230986575
963458621
35359236
181888127
701130340
169309013
634601814
694382969
829280589
535899562
864299519
552902119
23281343
599415995
736306124
124642650
443158677
383795938
717156509
595761531
752459631
69768370
717887117
381468052
421117171
59397839
941962517
227430158
587337623
655254025
125219352
80364976
185430324
476844735
460119778
439876883
18024600
672167099
378311084
335461336
868296218
17044223
52945960
126715209
891308195
271436363
796130455
361470056
741735352
100294159
440712637
698857972
686618614
342578626
409884494
697843525
426308213
925732687
889363718
187580920
225592838
873096504
337118934
672519152
961386775
773142864
631432960
83029274
355683314
503545744
866310430
183430900
452559827
400446385
993681329
303576770
233009378
670018367
870792652
623017908
806368066
865825107
415589544
278728876
481959074
800862660
802189078
999240467
59326948
982292958
37379408
580279536
891371990
990569005
783235203
542462010
299113774
736318150
843969616
642945510
4576744
433207072
272861598
538414027
570801264
2284409
388536227
56491931
80338334
825778245
252275151
563681096
537548175
306927128
23204374
350372969
373280093
155195015
602511920
436100842
16414860
984593409
467352885
174077054
591507979
980192968
52163346
780514333
378049697
60540843
106460790
843123232
438946925
436656653
355369804
324920622
512453242
853108801
417900587
462630325
689576488
962115149
160992116
493750056
62644358
115393724
925763250
23204374
740432361
693343382
901136748
804173628
614415043
610578838
242374479
551707655
41690507
86105860
664399265
167896588
749012650
557093267
280446003
871152522
870644110
99653198
985000266
392359727
832889655
776264509
536322852
836207461
67184770
995653054
228280020
473604707
29748500
721519165
440712637
874597492
923915451
249789650
867737707
602511920
382488369
16265002
816334033
39226541
362793091
331456379
94484870
533770488
261208794
144645478
211405019
454514793
98343500
648440930
965216999
349607306
268707044
504498187
100824401
554793850
116988616
459361718
171035632
249584722
371603820
142189188
728285796
29865719
429061596
76347739
171790993
453841245
332599337
283378043
787228345
102936024
510871246
252832513
226125270
863716682
714181874
277972106
537548175
60540843
721630554
555951539
136595110
911356435
81040247
859593186
862635616
593267180
962505568
700660980
810900968
113677502
680843942
24765941
384095491
561085561
105338821
453841245
690597023
467877111
593387395
478799060
984884714
752058826
525389949
344162634
240087951
894998316
823785235
185071878
2358470
454514793
131925610
220885956
570707056
737239561
738839964
270299690
389532683
52660764
942495862
297511067
674659296
954485508
591327319
990569005
59208014
147165042
726824633
193534254
914859210
66098879
572882647
364509621
330307734
681186631
51309207
975889773
664228564
33323443
443158677
778950166
622015876
378049697
781955045
591859649
639092663
16662222
688220838
88506835
521474167
318696259
844358186
75190050
598777506
689240931
60137008
586979323
615892413
848042164
88570276
654069055
603221852
563681096
773708609
607716426
119099606
631374638
890821003
502071562
8475804
586578159
49685623
877186595
399768767
632367636
640306716
781836716
978913903
238000736
939106453
615576732
6878286
848042164
51047995
907978021
382563264
94484870
227430158
925521770
296188333
715481551
839031230
973304302
219474271
856497988
624626085
438086873
969474054
968293549
370085625
351687053
228086889
881074695
689576488
881587445
101846791
472817993
394964396
254717342
425926767
550873589
918564850
692921213
902057663
700596781
591907621
771256596
81053047
771447929
591144502
718318557
881713259
166910704
25650903
323611069
580192163
174623533
3671140
563681096
747075684
41555669
69620367
725547208
52410152
461917202
323885082
617057265
301592485
655254025
242374479
538129466
653040627
514269752
125858620
286325281
706795072
52007364
330402707
906108966
24595938
389073553
9908177
733502530
822424869
670018367
279184268
713646110
89159568
35359236
822373765
924080088
481259501
235985299
86011402
751939593
137195298
930855303
604926298
475191198
35310572
478477038
119276371
414876350
543740226
832990243
822373765
31562806
442095177
238839563
133960191
565703220
667104287
746694441
28150082
429650322
562512739
49943510
501075015
344346478
788622994
586510324
776929249
271699779
464154690
564123801
588784142
657900497
712128331
183589099
206619728
836207461
478490247
406534267
578384724
596870177
688988391
836166612
210212823
420611927
551345084
557093267
930179636
557093267
865138053
263836071
151114365
59413784
63631549
388536227
28424544
180737333
95177475
955688991
700790813
26264069
108999701
818871829
280877961
973548105
963027917
369841058
1433483
304723270
864920321
824041780
86105860
838170286
891371990
604629456
274000255
44366373
195091017
17512475
323994234
113677502
505189712
800705075
283796822
7683452
801843608
891371990
145386476
837054630
4856348
41941995
76298939
369841058
149094363
488396408
963050649
906243092
165205766
220890367
736318150
338346947
31422478
633926004
723488735
95177475
540034710
126644458
273786986
100294159
418246848
4856348
782148106
953516289
177501350
645771229
874130069
235574723
302973630
279285593
35359236
740432361
60137008
370412821
263836071
214335618
422351985
726115474
891308195
399768767
513568452
71683538
34630457
771944347
692921213
405108905
449347757
828618233
542650121
613281668
349771866
178813573
653000461
409498218
793843635
338950900
893281828
969474054
423793759
504865597
875041172
730574511
209344543
313421249
891371990
131046230
870792652
946134400
918212306
711748167
770409587
36599583
481317891
986842604
960700088
710040224
725125489
6780602
130968049
760235875
52769263
688628336
492658056
128647656
146926105
29036179
386598406
922910698
169549690
419306589
286719707
813786368
803474102
40365592
66260515
476844735
877728665
782264340
901136748
524964745
441778022
414416229
861693641
630474141
654069055
226727966
227781919
125226034
576469961
469171438
442095177
642945510
335008021
622662770
541621688
671157918
123735218
18069048
768270664
776929249
272859885
48761672
409879318
736897840
16265002
778534400
932410776
698751768
737289626
281339522
777177505
867921744
332103498
944907366
95602205
674659296
751939593
263836071
801392945
705973245
171035632
95602205
747028631
144039377
231405186
956137123
576171375
25858335
93543721
497560721
910695394
564338578
77306028
723488735
68700886
101436317
7346201
404080243
240090462
223135921
532723254
873656825
160617947
150733032
649243259
714311740
832923681
369654792
69307347
680655236
326251455
383485041
40443247
617739757
178154278
113947938
253853888
768470124
103363414
383060075
648619083
657900497
368030326
281339522
712301155
499435902
781823532
502129585
437540681
717999434
864658428
114556835
82417967
424003307
433207072
721926680
216616298
639470428
20997302
192631567
771914245
408056084
966384846
949696069
249789650
6006932
8375093
747443291
564086031
707876654
140842104
54551990
209473903
32037540
562512739
849763516
565175969
621526121
752279587
119627631
941814752
687463596
928193994
9930538
34885689
392750790
416021319
138319388
8429394
20970475
149963958
618291980
116078883
101860108
9583308
891308195
798606284
416021319
2607770
195118825
201037319
299050014
76347739
620704651
943707579
487897355
757160710
391636494
623593329
49330542
918690648
512453242
685621731
721821336
143128315
942781108
339520525
645771229
310238957
662464502
896836169
60033405
971870843
203153176
312604638
116653958
370085625
55273196
946134400
935349871
602955018
885002842
430340728
531129489
381468052
444922645
631432960
299010068
458274443
910945550
705973245
672263957
488385548
865825107
834336448
19252071
711748167
999214108
868269713
618367490
180629553
452433356
833042676
96290839
977359621
658115308
602511920
652113827
684224861
409893453
929520068
945949990
7692873
745864321
149094363
660339715
545315292
287493941
700379985
615892413
530530546
489861125
437551751
26515252
766624097
63465245
144414697
736065738
500482335
733045483
563998760
172298738
654140730
909129433
896249180
47029773
99815602
524599938
452064515
949696069
281614044
346228699
333158449
469942989
20489922
536437938
38010917
617057265
51047995
374044404
34630457
866644174
109704009
43023806
543709922
76590614
698751768
945071577
17025425
54829799
898422377
707806073
684507728
382563264
839946662
450686647
860135077
705973245
705435226
87032959
998023695
195908358
878323612
986819219
376670507
626208604
539915322
786832717
820759203
103167197
12838869
654506790
7016093
252478410
273786986
76347739
616613786
235411238
367257192
252904593
408056084
43029412
88366629
861693641
689025524
819080434
940760514
170606859
883050395
482141299
173576865
106460790
223626625
344237532
935349871
144645478
145684145
364569933
227111552
965324605
116815765
306284095
576479252
562512739
773490277
115880220
640910132
969166010
52410152
717093670
206093798
489908497
911055077
170373087
874675501
57046868
994586166
259820458
382563264
296816187
70636927
60540843
46672355
722488214
618751063
409348653
600846215
778330295
754997670
781955045
683739396
449085197
307563119
544468435
201795479
794714043
114597581
136323775
736367134
622863231
687463596
974572473
666746175
533770488
357931620
870307142
71235919
101436317
75616441
336597580
683808637
610529633
178810514
983032470
331456379
689025524
839375393
756607551
101376054
734886734
541013770
60137008
590022302
527771882
180737333
6765145
816334033
623854658
59047458
78148125
147165042
433207072
865909273
408464447
420041775
24088573
642974809
268707044
177501938
323611069
460896787
712392136
512707301
559152710
873234537
279226230
578384724
826448439
17470811
122011306
775596666
491431837
848422614
642945510
990569005
949696069
366982597
586578159
196484300
57161646
180629553
494560632
60137008
670897163
236771426
472833233
440832780
734018400
86738411
897407249
101516502
746381205
22164239
416632381
774205497
230509030
285631880
55438718
277734193
466253246
256262852
443567851
755753581
242866667
518726821
670732165
909211732
650255321
456738607
709043253
155340356
373087586
95640843
756363070
40443247
320016251
824368435
467550047
899249152
60410449
898326326
148311710
662068074
69979073
934516475
712323620
475343095
444922645
953066707
330346638
101962609
780683235
988816677
37194006
184942058
744898783
140356426
375358834
265589284
144414697
469613611
2820918
825345803
976766173
43023806
274438842
52169114
226125270
224889275
502340148
589405682
94925989
970811002
747443291
370467911
520591358
925732687
767147874
15300396
20641847
919832110
741532265
471404576
504949814
6855470
604244262
395590215
493299735
188592502
687463596
138319388
92891412
502340148
485914686
43841598
654140730
932410776
422869548
624055944
700790813
138319388
351194757
791037679
56491931
737813551
777543322
506174791
925044483
346676437
535569841
4856348
43841598
77011278
835074748
49847926
717407827
861770042
514712212
371603820
853180933
205991708
394898742
838233179
509112312
629089678
716426214
749405315
543519914
964577832
159423554
734173876
52487469
36227670
163579965
367701639
926637770
893281828
415589544
493083911
792506369
840901695
28650546
216439063
32925032
326251455
725169015
659965696
962682883
674705329
916997301
801731918
228659302
768107730
904195129
826845051
361566094
441557248
53457693
953175741
502731724
316391589
706390742
877037356
167242421
356241815
228338172
959170480
743422445
248774662
961386775
169025956
58030100
181855288
313268897
773142864
53550497
163579965
764676460
881575856
21523250
822373765
131692271
676427609
19717997
51309207
30152157
256262852
965834330
476522134
156231996
885480631
150646190
442318519
688473450
711748167
338579883
214830233
671949525
895497331
239907292
522420133
66098879
114226626
125975714
95380215
255382229
870792652
767518842
650344483
125857717
542598726
368230761
316897931
833896297
417135192
280838052
402558086
512536559
17025425
33661026
712128331
607926273
315556998
166196221
377576525
183313821
569530020
812843491
643253149
442603434
692921213
367530985
536322852
215985702
736306124
8375093
159440419
977468436
369841058
95177475
52945960
145778742
376620253
475249677
86477014
276137779
226632234
657734046
510955318
210213455
203417993
176712277
555951539
307552041
490595131
338282910
369954215
208334346
991968332
93550179
746794579
563681096
407490850
333074686
41941995
971528057
910695394
850938116
147165042
429333495
226125270
326592526
294897596
29036179
369954215
956844681
447388037
95602205
988529732
792464808
184932848
393831478
769314316
909211732
537819192
597662162
826845051
7016093
128365143
864253712
973304302
780705262
484052570
426380272
577316231
975889773
31686297
366274787
448714196
332103498
412280782
770378220
205186673
2536058
39016582
136019315
736367134
856234298
105452852
679630653
408783217
195118825
196191147
200428110
917307653
781823532
670018367
602302563
957806856
780705262
509905547
415974613
36599583
826845051
473717637
917644539
77908522
457204626
860135077
167017589
756677965
393216116
457944427
962279433
777177505
80999241
796183674
745597613
430311101
9583308
364694693
191323441
538129466
901527804
630586052
31556251
123435754
183313821
836646701
841258873
178722286
59397839
494706867
550873589
201795479
389191303
685875810
330346638
521487333
699267230
899249152
42085667
266647703
114885823
259383288
623593329
703832983
546966627
569530020
825783664
403838258
305917175
82417967
496686957
309505568
740421304
630904526
613282582
314933010
291224106
512586163
189384957
922943386
117855208
944281591
954071491
20976
838976740
587648982
89748373
72675792
269433637
254117062
491431837
422039883
881713259
721821336
408902590
885627952
582424206
80438799
839268557
858550353
59326948
615892413
235985299
944618732
793560814
167502842
268707044
187580920
887657319
740432361
953489102
862715664
458274443
706403263
561836549
928058157
374242602
642974809
125606510
121544713
293505033
462015637
21677035
926873455
696871887
462015637
655068070
865825107
386379049
128365143
455682797
273786986
572125326
734498780
587230633
990348050
473717637
273786986
527587476
128508408
890821003
853180933
356424812
145778742
942857482
746694441
364282633
334677621
928193994
919749637
927887456
800732195
103002026
678739848
545427899
526390254
881866544
841943494
786763686
335317503
467453045
350323964
326980780
378006564
672844557
179693547
579424101
176346330
267209632
28795953
175001365
848240767
17535893
435123543
17535893
405688569
30671498
872985104
602955018
816983527
33877419
565052121
470535255
228659302
855777534
377328407
729043660
307160747
340064761
798774411
868873657
906998058
20641847
383569798
32126653
92394308
171035632
909773381
655254025
860135077
102881765
602376335
674007615
793324273
646578753
158247712
738300303
746794579
11352260
703194586
35359236
726174886
299158297
826845051
491431837
388936698
447353243
795180069
188663263
377576525
16662222
535899562
959170480
314933010
96296573
562512739
612467690
67436924
259230965
155113791
507862731
849549066
853848917
860472431
593082585
768002185
900194898
73642268
963458621
273786986
761848895
520144541
454514793
120983975
460119778
60012388
800705075
916196695
857314008
499435902
386911149
834558613
68065032
861770042
630927258
293527033
657900497
182493303
495097941
540741503
110202564
865825107
630474141
550873589
100213003
692050781
307552041
680977034
405550952
736814085
231073980
675878276
801145613
33323443
333291414
907978021
25141346
