462428356
108224796
564931072
76298939
843594486
589531448
746075834
378477265
92785842
564338578
866452370
974860765
404927797
640306716
481506469
9461398
371045131
68082331
110396039
96592555
718510685
533770488
138850849
701219850
353777146
742017178
584015793
5658889
849009775
706133342
486199442
350704923
894416410
180629553
489030379
91710886
256040594
283402460
314933010
38189089
7016093
227111552
179441452
460554779
997914878
132280519
585318634
181888127
33492283
341330608
931457094
564338578
542248494
56826684
65739271
354397905
31474093
42428987
400941279
877728665
937396345
531517120
657854911
916881754
526018199
416330630
649253219
652644853
82417967
996036166
803679235
40529468
90764667
564223799
828209791
805076191
454035217
320669494
823785235
54571374
881059792
694001062
12090919
442127959
351882361
219918228
700035687
54117640
690299462
575916089
503503706
708784314
742053294
42386527
86105860
373466754
568979251
591220969
104175818
618145569
173822200
239532062
949992068
130721852
143898876
127739748
586455864
129273797
69979073
327291600
340033793
474188288
35370433
416302441
338640659
753448520
182228728
871372228
227430158
4067434
768111455
544631036
726538535
675015259
923116999
470700676
727387495
914954011
132671456
364876857
475191198
715244764
498387155
457347316
15199434
505018068
495627748
835830666
841258873
65022452
428471687
622991358
16662222
317159276
26286399
137376829
904411061
118434153
142559539
955135230
126859549
233342786
44401688
935006764
724695498
893281828
824248412
446747779
717440015
321766983
212230723
644502710
854018579
456738607
586658667
744654429
226467461
62116391
928120997
45379090
677509571
440271165
761762681
189295909
314933010
75184359
56832931
761246586
692921213
612872373
189097368
340847571
509013259
821300462
452324879
103185776
578420526
236442193
845814119
224804369
939106453
723805639
835626532
19252071
739132973
13907507
518649207
76298939
826877633
975889773
