587337623
171035632
841258873
72834383
823785235
9583308
970811002
351882361
587337623
72834383
590011675
34723084
495097941
963050649
314933010
420041775
317159276
86105860
86105860
9583308
587337623
333074686
99788765
564223799
239778353
650366414
541621688
990569005
650366414
590011675
173576865
392359727
317159276
64384000
589806848
925732687
953066707
19252071
314933010
764676460
171035632
171035632
841258873
33661026
612872373
72834383
939106453
550050020
103114365
103114365
433207072
173576865
841258873
877728665
171035632
314933010
550277486
25141346
317159276
392359727
72834383
968873679
131925610
171035632
736135950
554409945
360601863
550277486
689576488
392359727
23641201
456738607
800705075
69979073
72834383
314933010
314933010
564223799
692921213
280295037
392359727
131925610
392359727
163967331
125606510
874836097
612872373
780437020
392359727
34723084
587337623
672167099
19252071
348594037
205186673
19252071
602511920
40443247
780437020
939106453
82417967
475191198
475191198
780437020
23641201
317159276
963050649
963050649
894416410
692921213
894416410
450686647
564223799
103114365
171864072
587337623
18024600
69979073
191454809
294897596
853734842
128365143
893281828
877728665
103114365
19252071
95177475
231073980
590011675
893281828
366518329
280295037
351882361
550050020
314933010
173576865
4856348
69979073
72834383
400446385
894416410
802348052
17853346
82417967
821815669
86105860
276137779
550050020
589806848
705868976
