699787907
774978062
586631395
437433870
963050649
851856495
950792834
81798239
34094184
870792652
69205566
607984769
484920860
308686013
823785235
105187178
919854381
34723084
52038663
138893189
382125315
710987301
968578771
761564366
119351919
269770370
690810485
804038636
984867755
163967331
877728665
536736617
905264096
446000600
874675501
171864072
963050649
975889773
407579907
552009387
86637315
738300303
589806848
124698941
72834383
893281828
13815054
985279666
527817442
67839653
680985150
618752947
993096862
42386527
175542333
248993410
99254599
904323000
147165042
886418813
263226516
227430158
598166761
692475235
266045540
716211812
566668713
535334723
837753618
984860849
863338392
15950696
726961275
86105860
89748373
326312973
219434079
558632145
35263941
82538828
951857723
311531541
944099911
49813887
666989217
230296886
131925610
848123690
578158791
69636370
156331572
764676460
432705758
550050020
841258873
469633311
978264201
286879988
548628942
739039912
141071858
316391589
215482421
176354237
976073398
101846791
571355718
871511033
33661026
932577746
140303613
514941474
875803094
942877514
808279052
137896857
769353271
42978772
616347943
345888552
650366414
392359727
475191198
578744272
554540519
314933010
165648716
121277339
52038663
136654698
562825389
894416410
456738607
57046868
954787590
403421995
699196540
591667950
811321902
968873679
9125624
147165042
564223799
594641062
365526074
893281828
371857284
42595969
65897828
124675129
650366414
557890880
875803094
19252071
802348052
115108373
408999679
216873237
32875289
734428935
878461798
393754119
43023806
795286519
364365640
817658786
315333956
564338578
352963846
874675501
49813887
872451493
353544848
473508768
316391589
521580250
750717667
569009459
867921744
49813887
132471573
538308900
133295609
143388253
583787226
887866263
723238974
456738607
735490087
784224495
205169451
590011675
637627082
717082471
302782842
776615817
135230965
795688897
550050020
632841742
