11438040
598777506
984017591
280039794
6878286
105338821
467352885
421117171
746694441
116815765
291224106
149094363
705435226
697055853
926637770
725547208
690597023
804200565
809475159
149963958
793451328
781836716
537548175
154392883
392191636
66788125
201324238
975889773
226727966
982292958
812843491
108969627
299010068
221513738
844210580
602658089
106460790
227781919
446498778
695393521
679630653
211405019
286222075
737239561
782217139
256262852
281339522
29036179
234602932
971870843
393000755
342578626
376940358
299050014
512494022
821622986
592364931
945218995
512453242
303576770
879668555
449270106
56693528
694738798
118461348
383795938
150733032
331456379
475343095
471404576
51047995
879088423
919854381
736318150
178813573
786116724
747443291
990348050
562592163
830448716
946134400
195118825
326251455
113677502
509119078
985629805
393831478
253853888
280838052
176399464
122048231
43841598
649243259
354417882
112038571
112433216
840506041
244228337
101303700
751002899
24595938
101436317
470704414
578384724
953516289
973304302
816334033
473717637
299247209
454514793
129550258
851952119
535455686
771447929
861693641
522420133
430340728
554793850
911204743
307160747
849471103
259230965
885627952
927707621
115209305
901136748
910695394
505189712
193374954
259677758
21614527
659151964
841641469
641322332
773490277
518726821
705973245
214750934
140611707
767147874
991128625
378049697
536437938
242374479
76869123
101860108
999214108
944618732
227111552
698751768
415589544
782292027
86011402
335634387
737813551
497376585
196484300
75190050
29497915
335008021
91339158
35359236
926722980
114672039
658893339
106681433
101376054
174623533
214897243
980174200
512536559
824368435
9257333
318696259
869206914
289493531
80338334
46346187
751939593
412733037
675164700
52945960
323840239
777543322
929064353
654140730
493083911
376620253
538129466
335317503
798985363
239795221
472833233
631432960
562963284
458274443
737855176
225592838
379291886
41941995
