68700886
909129433
658430992
314933010
316391589
317159276
178154278
42386527
533770488
878461798
746682639
171864072
103114365
34723084
173576865
89748373
68700886
795286519
227111552
674007615
954575454
802348052
173576865
550050020
939106453
590011675
646220541
24805303
68700886
497342266
57161646
533303907
220280965
990569005
867921744
968873679
9583308
45379090
602511920
939106453
568835950
990569005
163967331
635492084
9583308
841258873
316391589
550277486
103114365
42386527
893281828
23281343
351882361
103114365
716728311
837565850
564223799
23641201
692921213
181888127
227430158
706777183
870792652
602511920
624556465
419790593
329792363
72834383
320583692
629845456
16662222
47029773
867921744
963050649
939106453
640306716
764676460
456738607
57161646
550277486
657215054
513748713
104924928
564338578
72834383
33661026
860629213
103114365
33661026
479182040
392359727
82417967
317159276
569552458
33661026
564223799
247946989
124655977
939106453
802348052
82417967
252675940
660624380
43023806
828000060
201795479
361932587
7016093
848584061
332471070
180618940
23641201
25141346
181888127
52038663
506275381
49813887
447287232
395514498
874675501
351882361
650366414
893281828
678813960
650366414
316391589
867921744
878461798
875803094
823785235
802348052
180629553
114208514
201795479
692921213
878461798
25141346
791098761
227430158
870792652
968873679
35370433
201795479
803611870
937415209
878461798
612872373
900317284
35370433
841258873
760454622
180618940
43023806
99788765
171035632
67872064
180618940
602511920
716635170
939106453
173576865
82518004
76298939
593082585
59849966
72050527
286879988
602511920
879607134
9583308
408999679
416596624
609473101
919854381
1218017
25141346
33661026
946596629
147165042
86105860
147165042
206893513
247946989
200336601
14650894
564223799
212230723
848148125
227430158
173576865
141621418
870792652
180618940
47029773
12542777
286879988
52038663
116043585
972992759
495510350
