99788765
45379090
351882361
1986032
110442606
131925610
171864072
392359727
57046868
286879988
602511920
348594037
250369427
45379090
762943434
232283319
201795479
227430158
420302159
69979073
35370433
640306716
795286519
343718341
45379090
456738607
752926144
456738607
193387057
103114365
781518452
811106964
181888127
564142640
456738607
19252071
15199434
550050020
25141346
926844101
147066929
76298939
103001490
708565295
749165917
101846791
143938225
808004919
351882361
155750100
72834383
316391589
471443935
919854381
99788765
654235239
999314845
867200839
392359727
181888127
612872373
456738607
348594037
181888127
489636848
351882361
735415967
408999679
955605781
101846791
7016093
877728665
734991100
126918345
906582005
86098948
802348052
7016093
201795479
292972420
602511920
348594037
587337623
184992529
587337623
963350540
169556018
69979073
375177056
325989888
795286519
687568016
180618940
919854381
878461798
18266486
610436432
878461798
103644441
892643747
867921744
19252071
464355975
257517911
15199434
163967331
968873679
39232143
893281828
203002533
983046739
351882361
628840784
611795952
674007615
34723084
15010929
379818013
553376581
171518115
909129433
981474943
317159276
9583308
15199434
212230723
392359727
975889773
89748373
612872373
178154278
45379090
802348052
589806848
163967331
88513683
72834383
34491614
23281343
593082585
114208514
138141783
587220101
583787226
641882015
612872373
612872373
823785235
738300303
658583699
909129433
963050649
990569005
741382170
114991695
209256057
650366414
351882361
35370433
171625222
171035632
31669990
114208514
894416410
664807582
47029773
280295037
72834383
867921744
348594037
201795479
15199434
28051159
990569005
286879988
713011786
280295037
888630355
893979192
738300303
692921213
33422260
894416410
101846791
598166761
990569005
114208514
64062813
456738607
692921213
42386527
9583308
296880777
932855246
314650504
765470180
180629553
981330518
758799459
123735218
