318617331
54500017
969474054
442330615
757292206
721649951
590011675
59413784
209473903
587337623
147416581
511184234
654069055
623593329
204500242
348594037
60540843
38811001
902057663
73022564
20997302
962854212
557933025
564338578
699267230
29939354
472817993
872198119
297511067
899249152
635992756
650366414
850821637
878323612
560718957
974109095
615576732
501880959
179151417
21677035
671833255
893475987
893353978
50192190
52041911
860598067
713646110
572125326
440444618
120983975
667104287
552382019
19858129
106407669
264269228
371010577
351687053
140539941
398986948
469613611
330402707
984884714
986540550
927304871
17541526
67313302
146114418
46598211
840941114
183617222
231533708
398549414
868296218
853848917
570526167
112834436
80999241
437498344
593082585
125217384
252805211
813790969
822373765
52410152
363625422
794090890
612467690
322405015
19252071
992193632
273786986
862635616
23608946
49813887
181888127
45379090
491431837
569108386
573084643
589597971
953270742
809184064
683739396
263836071
801988824
444922645
437833170
5920357
607366450
895082242
460544464
487745312
703970079
214335618
932410776
135404616
271204542
705350838
921344529
279191304
762235383
355465192
464155415
122597082
993907136
731054972
720286936
107323305
988058546
284832853
438299779
685692013
925423184
729822593
706403263
86105860
943707579
639818897
580552897
806368066
829510763
111314363
607044801
689738763
108585177
550050020
19517453
354395153
564338578
157200490
618473886
681730474
228280020
894416410
828618233
557093267
748751098
813012232
693856311
606670571
96816055
993984837
679502763
881575856
411396314
435376941
80421297
692921213
489178657
588464436
451534600
44472815
776929249
974708695
386379049
249789650
164552981
111486868
51155806
512053343
844358186
450369750
687463596
911055077
93516146
569530020
717999434
129539441
289346615
904781358
951185054
578784784
883555065
870792652
777170074
988464655
696719691
653040627
954527601
131925610
