103114365
540560080
351882361
550277486
57161646
264024473
104358702
654145927
838338461
932410776
35370433
245848992
951017867
69979073
255565664
181888127
78076337
280295037
227111552
970140953
905615119
33661026
15199434
602511920
589806848
779463157
767085074
171864072
255705708
286879988
875803094
548537560
163967331
390507541
466789382
288629016
114208514
874675501
593082585
35104277
878461798
411494486
664921248
738300303
593082585
834354536
181573986
150917340
953264126
779192748
59756123
180629553
701219850
526241117
245371576
841258873
297605001
42790368
894416410
617542322
23281343
450211372
536643449
803045229
843368238
23641201
316391589
556643486
181888127
598166761
101846791
650366414
82417967
213696675
583787226
23281343
256455956
893281828
187044871
163967331
834981437
69979073
49813887
123735218
328990830
702064751
802348052
878461798
490174923
870792652
194874859
317159276
533770488
802691853
345751423
720642956
408999679
52038663
69024928
77335152
9583308
763785292
975889773
76298939
7076004
585458598
564223799
86105860
812888166
904127391
227430158
89748373
802348052
351882361
751897318
802028362
49813887
894416410
509443662
114208514
893281828
23641201
564338578
147165042
56098857
599338308
408999679
980508723
793010511
13187234
878461798
774120326
253284867
990647536
16962012
619899109
759761788
667757129
640306716
181888127
250914235
317159276
214293619
451659767
267985463
227111552
19252071
717671001
162142873
180341887
963050649
527399534
21888427
867921744
147165042
181888127
103114365
802348052
597275703
319329785
432577837
992646944
16662222
590011675
533770488
979176046
148121957
821056034
143033758
7016093
92955855
867921744
956851989
701219850
771513528
7016093
841258873
247946989
564223799
932410776
57161646
696937575
590463267
23641201
591671178
82417967
875252348
877728665
544067249
289904495
101846791
825892718
339481407
69745686
207497291
173576865
408703012
587337623
758378873
171864072
