823785235
280295037
161790571
34723084
589806848
841258873
55225396
171864072
894416410
115209305
692921213
963050649
764676460
587337623
6878286
456738607
19252071
692921213
314933010
23641201
764676460
893281828
145183898
145684145
877728665
442603434
103114365
471404576
163967331
314933010
650366414
106681433
910945550
894416410
824368435
830448716
173576865
280295037
780437020
171035632
19252071
280295037
919854381
475191198
963050649
131925610
780437020
354417882
650366414
554793850
17025425
171864072
564223799
99788765
323840239
180618940
841258873
764676460
963050649
351882361
612872373
82417967
131925610
945218995
82417967
65862716
587337623
963050649
314933010
33661026
34723084
780437020
990569005
281339522
602511920
968873679
583787226
82417967
439876883
348594037
674749138
877728665
841258873
979444276
550050020
456738607
103114365
19252071
968873679
351882361
441057560
348594037
764676460
118461348
456738607
590011675
816334033
877728665
456738607
587337623
