392359727
76298939
212230723
171035632
795286519
15199434
692921213
587337623
550277486
939106453
919854381
68700886
674007615
939106453
456738607
780437020
314933010
61446365
317159276
875066998
867921744
57046868
475191198
909129433
875803094
23281343
69979073
101846791
314933010
404505167
990569005
909129433
35370433
171864072
748225111
348594037
893281828
475191198
550050020
99788765
317159276
171864072
280295037
314933010
9583308
86105860
227111552
351882361
878461798
180629553
47029773
475191198
325234194
52038663
25141346
45379090
89748373
589806848
939106453
348594037
919854381
564338578
316391589
408999679
602511920
82417967
314933010
34723084
280295037
25141346
99788765
19252071
894416410
994372125
89748373
692921213
533770488
764676460
219882597
101846791
823785235
16662222
598166761
587337623
99788765
47029773
841258873
34723084
43023806
392359727
726115474
875803094
990569005
147165042
841258873
163967331
738300303
968873679
227111552
47029773
123735218
23641201
701219850
593082585
23641201
744497748
894416410
103114365
841258873
16662222
180629553
35370433
456738607
490763728
640306716
123735218
316391589
131925610
72834383
963050649
612872373
701219850
57046868
874675501
286879988
45379090
968873679
103114365
780437020
35370433
764676460
564223799
42386527
893281828
178154278
764676460
701219850
878461798
47029773
171864072
623993460
875803094
163967331
604913945
692921213
52038663
227430158
968873679
795286519
9583308
894416410
590011675
905626004
47029773
49813887
650366414
975889773
870792652
593082585
802348052
613945751
114208514
870792652
137773985
68700886
280295037
564223799
82417967
650366414
215505238
598166761
968873679
875803094
57161646
72834383
99788765
589806848
795286519
52038663
82417967
533770488
173576865
841258873
456738607
893281828
101846791
932410776
963050649
180629553
963050649
171864072
612872373
81207140
99788765
68700886
841258873
57161646
932410776
19252071
550277486
