19252071
874675501
650366414
181888127
68700886
456738607
650366414
975889773
392359727
823785235
963050649
841258873
392359727
317159276
593082585
131925610
456738607
43023806
475191198
101846791
701219850
550050020
550277486
123735218
909129433
25141346
612872373
968873679
968873679
867921744
43023806
181888127
932410776
392359727
802348052
823785235
21888427
314933010
589806848
171864072
69979073
640306716
968873679
602511920
640306716
894416410
314933010
674007615
894416410
550050020
841258873
23641201
640306716
564223799
802348052
878461798
602511920
589806848
316391589
316391589
131925610
286879988
456738607
564338578
123735218
932410776
780437020
82417967
870792652
15199434
173576865
348594037
9583308
590011675
893281828
286879988
131925610
701219850
692921213
19252071
674007615
180618940
147165042
82417967
351882361
870792652
47029773
909129433
114208514
227111552
475191198
593082585
802348052
147165042
82417967
408999679
314933010
76298939
909129433
475191198
963050649
564223799
564338578
583787226
23281343
802348052
57046868
932410776
25141346
19252071
587337623
57161646
49813887
802348052
180629553
286879988
408999679
171035632
598166761
533770488
33661026
52038663
674007615
894416410
89748373
650366414
564223799
893281828
650366414
25141346
598166761
564338578
780437020
180618940
726115474
52038663
701219850
171035632
147165042
21888427
874675501
593082585
968873679
47029773
550050020
877728665
316391589
103114365
968873679
963050649
131925610
533770488
564338578
15199434
9583308
314933010
692921213
72834383
870792652
564223799
57046868
919854381
583787226
780437020
692921213
533770488
590011675
351882361
49813887
875803094
280295037
247946989
68700886
701219850
173576865
348594037
780437020
764676460
68700886
181888127
612872373
692921213
875803094
701219850
823785235
650366414
45379090
726115474
147165042
49813887
674007615
867921744
877728665
247946989
392359727
49813887
247946989
939106453
45379090
598166761
