25141346
957480177
452996674
875803094
448095984
79597491
564338578
392450939
846061668
938852983
475191198
392359727
201795479
126232360
553188011
696329318
909129433
802348052
14245404
76609971
845861191
609941869
280295037
66555028
726115474
587337623
186456293
919854381
342606316
99197448
802348052
15199434
374420788
220178745
201795479
880668679
409484532
629534003
954611790
823785235
674007615
682558919
353397051
724928091
935089440
751868606
392359727
811124534
45379090
45379090
314933010
123735218
317665736
955592666
45379090
75623768
229543876
569875601
72834383
390660932
550277486
775303778
739890248
764676460
984055866
56989364
391177073
23641201
280621309
643384692
91508850
602028626
194877965
968873679
317159276
598166761
602511920
231288457
50085792
935316891
180629553
670545955
975889773
191362938
68691042
18085322
843701625
49813887
251748631
316391589
170964511
92505855
28218395
591629714
844379869
348594037
70713068
827165277
476735278
486369233
54822759
930263936
16662222
26713013
590011675
563915959
887591076
947259903
507151915
68700886
191396406
673426489
57046868
23281343
316391589
780437020
598166761
930231134
902465225
600878226
16662222
250333057
795286519
247946989
180618940
82417967
206223889
685394200
536151593
103114365
62286717
598166761
317159276
2658185
5420637
823785235
42386527
537291729
925548227
72834383
338550526
103234249
201795479
468685710
70045068
43023806
186081888
777339963
795286519
959413428
163967331
49813887
131925610
69979073
178154278
102644457
266971891
352168673
965685863
598166761
574618940
16662222
217999246
68700886
712783254
587337623
121154751
316391589
976099181
948177994
362960476
359221961
518366044
435147332
771664645
280394641
841258873
590011675
963109684
932410776
583787226
763733438
284690664
147165042
767480867
123735218
69979073
867921744
483194076
726115474
120632501
314933010
853939769
128224951
86880071
643628589
154714564
234766872
14246648
178154278
