564223799
217448595
909129433
640621561
147165042
267902139
201059566
878461798
286879988
25141346
475191198
593082585
564338578
692921213
612872373
867921744
774178327
612872373
314933010
15199434
57046868
180629553
180618940
990569005
57046868
975889773
178154278
280295037
802348052
426475886
650366414
35370433
550050020
21888427
587337623
15199434
738300303
49813887
147165042
178154278
39507263
919854381
43023806
201795479
32294514
34723084
137496609
640306716
171035632
823785235
317159276
9583308
9583308
975889773
893281828
780437020
201795479
533770488
7016093
69979073
47051723
909129433
89748373
9583308
96155070
894416410
533770488
474724463
176064196
780437020
76298939
52038663
602511920
990569005
867921744
15199434
42386527
52038663
72834383
757577267
212230723
7016093
72834383
795286519
57046868
927836073
34723084
183126299
212230723
7016093
101846791
82417967
799369570
408999679
72834383
348594037
589806848
587337623
43023806
171864072
878461798
590011675
589806848
280295037
568050980
42386527
286879988
23641201
15199434
692921213
564338578
23281343
163967331
131925610
486159757
45379090
475191198
21888427
870792652
86105860
533770488
36544226
701219850
640306716
23641201
931843823
590011675
987815605
54195949
286879988
587337623
45379090
650366414
802348052
227430158
726115474
280295037
976250898
86105860
181888127
590011675
795286519
533770488
178154278
147165042
893281828
123735218
598166761
76298939
72834383
878461798
123735218
726115474
33661026
780437020
86105860
590011675
550277486
33661026
550277486
19252071
68700886
870792652
795286519
640306716
131925610
114208514
72834383
114208514
46118124
147165042
247946989
317159276
180629553
123735218
564338578
9583308
247946989
82417967
23281343
33661026
173576865
19252071
16662222
171035632
764676460
34723084
802348052
841258873
568404416
893281828
612872373
424196817
692921213
834136401
33661026
16662222
103114365
511515017
700059602
